0 235 255
2 235 255
4 235 254
6 235 254
8 236 253
10 236 253
13 236 252
15 236 252
17 236 252
19 237 251
21 237 251
23 237 250
25 237 250
27 237 249
29 237 249
31 238 248
34 238 248
36 238 248
38 238 247
40 238 247
42 239 246
44 239 246
46 239 245
48 239 245
50 239 245
52 239 244
55 240 244
57 240 243
59 240 243
61 240 242
63 240 242
65 241 241
67 241 241
69 241 241
71 241 240
73 241 240
75 241 239
78 242 239
80 242 238
82 242 238
84 242 238
86 242 237
88 243 237
90 243 236
92 243 236
94 243 235
96 243 235
99 243 234
101 244 234
103 244 234
105 244 233
107 244 233
109 244 232
111 245 232
113 245 231
115 245 231
117 245 231
120 245 230
122 245 230
124 246 229
126 246 229
128 246 228
130 246 228
132 246 228
134 247 227
136 247 225
138 247 223
140 247 221
142 247 220
143 247 218
145 247 216
147 247 214
149 247 213
151 247 211
153 247 209
155 248 207
157 248 206
158 248 204
160 248 202
162 248 200
164 248 199
166 248 197
168 248 195
170 248 193
171 248 192
173 249 190
175 249 188
177 249 186
179 249 185
181 249 183
183 249 181
185 249 179
186 249 178
188 249 176
190 249 174
192 250 172
194 250 171
196 250 169
198 250 167
199 250 165
201 250 163
203 250 162
205 250 160
207 250 158
209 250 156
211 251 155
213 251 153
214 251 151
216 251 149
218 251 148
220 251 146
222 251 144
224 251 142
226 251 141
227 251 139
229 251 137
231 252 135
233 252 134
235 252 132
237 252 130
239 252 128
241 252 127
242 252 125
244 252 123
246 252 121
248 252 120
250 253 118
252 253 116
253 252 115
252 250 114
252 249 113
251 247 112
251 245 111
251 244 109
250 242 108
250 241 107
250 239 106
249 237 105
249 236 104
249 234 103
248 232 102
248 231 101
247 229 100
247 228 99
247 226 98
246 224 97
246 223 96
246 221 95
245 219 94
245 218 93
245 216 92
244 215 91
244 213 90
243 211 89
243 210 88
243 208 87
242 206 86
242 205 85
242 203 84
241 202 83
241 200 82
241 198 81
240 197 80
240 195 79
239 193 78
239 192 76
239 190 75
238 189 74
238 187 73
238 185 72
237 184 71
237 182 70
237 180 69
236 179 68
236 177 67
235 176 66
235 174 65
235 172 64
234 171 63
234 169 62
234 167 61
233 166 60
233 164 59
233 163 58
232 161 57
232 159 56
231 158 55
231 156 54
231 154 53
230 153 52
230 151 51
230 150 50
230 148 49
230 146 48
231 145 47
231 143 47
231 141 46
232 140 45
232 138 44
233 136 43
233 135 43
234 133 42
234 131 41
234 130 40
235 128 40
235 126 39
236 125 38
236 123 37
236 122 36
237 120 36
237 118 35
238 117 34
238 115 33
238 113 33
239 112 32
239 110 31
240 108 30
240 107 29
241 105 29
241 103 28
241 102 27
242 100 26
242 98 26
243 97 25
243 95 24
243 94 23
244 92 22
244 90 22
245 89 21
245 87 20
245 85 19
246 84 19
246 82 18
247 80 17
247 79 16
248 77 16
248 75 15
248 74 14
249 72 13
249 70 12
250 69 12
250 67 11
250 65 10
251 64 9
251 62 9
252 61 8
252 59 7
252 57 6
253 56 5
253 54 5
254 52 4
254 51 3
255 49 2
255 47 2
255 46 1
255 44 0
