-1.369089483976901249e+02 1.742709418692050094e+05 8.883830346465730610e-02 1.620613839700680078e+13 4.205200230191150331e+04 1.664828594568779963e+00
-1.357732801662308191e+02 1.733601144507720019e+05 8.744788269508639578e-02 1.578603877864690039e+13 4.188991989110659779e+04 1.664847588780429932e+00
-1.346435512941762340e+02 1.724535504669829970e+05 8.607714199075920669e-02 1.537632538814450000e+13 4.172980144571680285e+04 1.664871958712599964e+00
-1.335197342397265174e+02 1.715503084179559955e+05 8.472641171229060297e-02 1.497658333793359961e+13 4.157119817941600195e+04 1.664898574380019980e+00
-1.324018073857377829e+02 1.706501919696019904e+05 8.339457575481269702e-02 1.458668213760969922e+13 4.141418877682089806e+04 1.664923184771160081e+00
-1.312897495826296108e+02 1.697544069267860032e+05 8.208192462264160549e-02 1.420644045306380078e+13 4.125902410495780350e+04 1.664964116201580024e+00
-1.301835331518035730e+02 1.688616305849199998e+05 8.078789025958940662e-02 1.383547289327030078e+13 4.110536278000949824e+04 1.664994474178250083e+00
-1.290831392971189473e+02 1.679725589115949988e+05 7.951257160117079781e-02 1.347368712357109961e+13 4.095336186328349868e+04 1.665041559679069971e+00
-1.279885434450118140e+02 1.670860558660610113e+05 7.825483648276780613e-02 1.312075942020050000e+13 4.080283587326460110e+04 1.665080652169590003e+00
-1.268997286453581523e+02 1.662041476734239841e+05 7.701611759885619579e-02 1.277656152808369922e+13 4.065415339323280205e+04 1.665135636960940024e+00
-1.258166664669930697e+02 1.653241195547700045e+05 7.579403884029049798e-02 1.244075420198609961e+13 4.050656763957769726e+04 1.665175957472460055e+00
-1.247393442286090988e+02 1.644474570844029950e+05 7.458976424050410559e-02 1.211327736097880078e+13 4.036081559685299726e+04 1.665226966656099927e+00
-1.236677392899222809e+02 1.635743457215939998e+05 7.340271584576940622e-02 1.179385371215500000e+13 4.021636827788389928e+04 1.665273988646480019e+00
-1.226018283822960484e+02 1.627037508560949937e+05 7.223209844942660163e-02 1.148224667194069922e+13 4.007338827123580268e+04 1.665328136658829949e+00
-1.215415946317691720e+02 1.618376290782740107e+05 7.107844330342150130e-02 1.117843785561830078e+13 3.993216179326389829e+04 1.665384470979160092e+00
-1.204870105387385308e+02 1.609736262403609871e+05 6.994087840850650439e-02 1.088206989027840039e+13 3.979208833304209838e+04 1.665439498876879920e+00
-1.194380626296998429e+02 1.601124142291900062e+05 6.881937450119360311e-02 1.059301270478850000e+13 3.965343489288529963e+04 1.665496318169930046e+00
-1.183947314703297735e+02 1.592545105138130020e+05 6.771402922410919845e-02 1.031109578703750000e+13 3.951635441287660069e+04 1.665550476178069950e+00
-1.173569960217645445e+02 1.583996852740010072e+05 6.662452074186550610e-02 1.003616555036700000e+13 3.938055017221909657e+04 1.665609983132450012e+00
-1.163248368978961480e+02 1.575471886285690125e+05 6.554999479527359729e-02 9.768010029834279297e+12 3.924612297804569971e+04 1.665669030909550097e+00
-1.152982375369792578e+02 1.566978528747009987e+05 6.449091192268059658e-02 9.506522104833880859e+12 3.911299680278619780e+04 1.665729998860530081e+00
-1.142771765395232677e+02 1.558523917029449949e+05 6.344682103387060124e-02 9.251526605654539062e+12 3.898139293683989672e+04 1.665800608085379997e+00
-1.132616299252723024e+02 1.550094776478779968e+05 6.241734312232780080e-02 9.002870735858050781e+12 3.885094475075860100e+04 1.665872104591439973e+00
-1.122515817292531608e+02 1.541694318331950053e+05 6.140249015339060285e-02 8.760367213359650391e+12 3.872187392036260280e+04 1.665949264031989951e+00
-1.112470137776893466e+02 1.533320938323499868e+05 6.040203571705560215e-02 8.523884420625290039e+12 3.859410910430479998e+04 1.666015343950600025e+00
-1.102479086812422366e+02 1.524967815002840071e+05 5.941547637972600243e-02 8.293260585427830078e+12 3.846752491900740279e+04 1.666080512941060077e+00
-1.092542529725064782e+02 1.516646413223230047e+05 5.844342395773040322e-02 8.068415204472339844e+12 3.834234316172319814e+04 1.666147804986289893e+00
-1.082660268841647877e+02 1.508343430365789973e+05 5.748494880399949991e-02 7.849183134118500000e+12 3.821816432832369901e+04 1.666208085095600033e+00
-1.072832184837115079e+02 1.500062471279960009e+05 5.654001993185289732e-02 7.635397670845230469e+12 3.809539848330940004e+04 1.666261080541719952e+00
-1.063058124390408352e+02 1.491808141739879793e+05 5.560841524987440027e-02 7.426968019927519531e+12 3.797375908353750128e+04 1.666310599384319913e+00
-1.053337908773492160e+02 1.483579188000069989e+05 5.469017384472450033e-02 7.223731540684280273e+12 3.785333069000679825e+04 1.666360107191120044e+00
-1.043671376736213716e+02 1.475379343706959917e+05 5.378498985427720286e-02 7.025633777095150391e+12 3.773424302199939848e+04 1.666416005843150083e+00
-1.034058346975085811e+02 1.467196890849019983e+05 5.289261918015999986e-02 6.832466038717809570e+12 3.761608528258890146e+04 1.666461018517920056e+00
-1.024498700220312486e+02 1.459040693001160107e+05 5.201307218692410167e-02 6.644184316746049805e+12 3.749924691478430032e+04 1.666511120386910072e+00
-1.014992260392852046e+02 1.450911427857099916e+05 5.114603541660060065e-02 6.460611308438639648e+12 3.738358152009380137e+04 1.666558349361219937e+00
-1.005538865867550982e+02 1.442804590430539974e+05 5.029148522469620297e-02 6.281672691647790039e+12 3.726898090563870210e+04 1.666605894915250019e+00
-9.961383678985497170e+01 1.434711061172180052e+05 4.944886046075280123e-02 6.107220327615950195e+12 3.715541101005420205e+04 1.666646016084109894e+00
-9.867906629338426683e+01 1.426656060770709882e+05 4.861874478354830109e-02 5.937215689035799805e+12 3.704319273280789639e+04 1.666701997573269978e+00
-9.774955126203654743e+01 1.418618500144860009e+05 4.780017366544730278e-02 5.771504027060769531e+12 3.693194502350920084e+04 1.666752772649729986e+00
-9.682528051215903986e+01 1.410599406846069905e+05 4.699294473047879728e-02 5.609963243689299805e+12 3.682157237773230008e+04 1.666795359854279956e+00
-9.590624044769340628e+01 1.402614792227759899e+05 4.619743567665900164e-02 5.452538604639169922e+12 3.671256843347029644e+04 1.666840922601670050e+00
-9.499240914894207322e+01 1.394650381107279973e+05 4.541306637570580174e-02 5.299114315798700195e+12 3.660460040233579639e+04 1.666892746483229937e+00
-9.408377410785655570e+01 1.386711527829359984e+05 4.463990500474000062e-02 5.149600140936580078e+12 3.649760060200320004e+04 1.666941577264299923e+00
-9.318031932940814954e+01 1.378793147623440018e+05 4.387788885894330221e-02 5.003898724393179688e+12 3.639167588789699948e+04 1.666989978884440005e+00
-9.228203158599384892e+01 1.370891585765790078e+05 4.312658365172580138e-02 4.861892910446900391e+12 3.628657668881249992e+04 1.667036328573050064e+00
-9.138889891302807200e+01 1.363017269432000176e+05 4.238631069162279719e-02 4.723548808453440430e+12 3.618267511786350224e+04 1.667087362855709909e+00
-9.050090449396098791e+01 1.355164885227810009e+05 4.165674183568929961e-02 4.588744897967110352e+12 3.607983131789920299e+04 1.667140829397490087e+00
-8.961803463506687706e+01 1.347322855662860093e+05 4.093740145688889998e-02 4.457401137755709961e+12 3.597778700407739962e+04 1.667182859562579944e+00
-8.874028156684062196e+01 1.339511676228019933e+05 4.022880645286559809e-02 4.329456061332060059e+12 3.587694354293490323e+04 1.667228749848040037e+00
-8.786762565978325767e+01 1.331714095426700078e+05 3.953006069708560333e-02 4.204770721556479980e+12 3.577690886134510220e+04 1.667269578546000108e+00
-8.700005727704572678e+01 1.323937980774560128e+05 3.884114572041730273e-02 4.083329197916720215e+12 3.567785618934909871e+04 1.667307697301789959e+00
-8.613756185728179560e+01 1.316193662708380143e+05 3.816247626328749670e-02 3.965043484656979980e+12 3.557989419274320244e+04 1.667345731704169998e+00
-8.528012043803917663e+01 1.308459425017979956e+05 3.749323097215249978e-02 3.849800004380109863e+12 3.548271190042509988e+04 1.667381934575270064e+00
-8.442772624962181283e+01 1.300746361305480095e+05 3.683365226078490207e-02 3.737561308060149902e+12 3.538639318740669842e+04 1.667409159908890048e+00
-8.358036472445107279e+01 1.293055859820909973e+05 3.618372314265769912e-02 3.628247609808120117e+12 3.529114375087869848e+04 1.667443175792880039e+00
-8.273802206025591488e+01 1.285383223745580035e+05 3.554336463685790065e-02 3.521805342472069824e+12 3.519692101623109920e+04 1.667468653116729982e+00
-8.190068672948260087e+01 1.277725037160290085e+05 3.491198446732170224e-02 3.418124973868169922e+12 3.510343794314409752e+04 1.667493012856080092e+00
-8.106834837556627349e+01 1.270090916288930021e+05 3.429006103765089991e-02 3.317180111186000000e+12 3.501089385865280201e+04 1.667514514904270051e+00
-8.024099185689567548e+01 1.262476189927889936e+05 3.367711575581949779e-02 3.218887520713640137e+12 3.491923430769990227e+04 1.667534192744440036e+00
-7.941860512015671247e+01 1.254873691151380044e+05 3.307305834462820338e-02 3.123176978498830078e+12 3.482834321229990019e+04 1.667547195656100101e+00
-7.860117923683311858e+01 1.247294723407069978e+05 3.247785685423600077e-02 3.029995162858399902e+12 3.473847323030929692e+04 1.667567203436409962e+00
-7.778869818754695586e+01 1.239735202435420069e+05 3.189104724698119814e-02 2.939294873868540039e+12 3.464942124369579687e+04 1.667581435921730026e+00
-7.698114935872447973e+01 1.232200025809960061e+05 3.131278018448169914e-02 2.850982467495209961e+12 3.456119890450040111e+04 1.667589486694079914e+00
-7.617851749675500628e+01 1.224682322628680122e+05 3.074295880280560056e-02 2.765031304042990234e+12 3.447384951986370288e+04 1.667598191724630086e+00
-7.538079172470746414e+01 1.217183066869140021e+05 3.018147481161139942e-02 2.681380130041770020e+12 3.438733174562190106e+04 1.667608067156769902e+00
-7.458795978196036458e+01 1.209700486398760113e+05 2.962821873325649849e-02 2.599956169856209961e+12 3.430151587185169774e+04 1.667617978816190005e+00
-7.380001052760437119e+01 1.202239672655059985e+05 2.908327532176250077e-02 2.520730635311709961e+12 3.421680947869650117e+04 1.667636162714259962e+00
-7.301693046449103974e+01 1.194795218112629955e+05 2.854638618685450061e-02 2.443618355810640137e+12 3.413268018147099792e+04 1.667645917269940048e+00
-7.223870895013068605e+01 1.187364116326170042e+05 2.801742239609189902e-02 2.368600069304589844e+12 3.404935028745949967e+04 1.667656269676800029e+00
-7.146533674867815478e+01 1.179957060125079879e+05 2.749645860209999973e-02 2.295606264564060059e+12 3.396689466077499674e+04 1.667677733971500098e+00
-7.069679848474358153e+01 1.172561933489950025e+05 2.698323453469480063e-02 2.224588990616240234e+12 3.388517376271000103e+04 1.667696677168369890e+00
-6.993308638234343277e+01 1.165188318748080055e+05 2.647779040002249881e-02 2.155508008508209961e+12 3.380425260270459694e+04 1.667722377362319985e+00
-6.917418578482420344e+01 1.157828759933760011e+05 2.597983475958219948e-02 2.088306475997479980e+12 3.372412968881899724e+04 1.667753641496150019e+00
-6.842008683321525098e+01 1.150496014525239880e+05 2.548921491584299828e-02 2.022947940872500000e+12 3.364475773478939664e+04 1.667795027023470045e+00
-6.767077229137508709e+01 1.143180178898739978e+05 2.500593559062790072e-02 1.959380530875969971e+12 3.356610044944289984e+04 1.667842043137740093e+00
-6.692623181999510962e+01 1.135885067032819934e+05 2.452985471847229926e-02 1.897561887168149902e+12 3.348830283609109756e+04 1.667892232420219889e+00
-6.618645282193048729e+01 1.128604170965109952e+05 2.406099730874650122e-02 1.837448719470060059e+12 3.341117764340650319e+04 1.667942671135069999e+00
-6.545142719334515391e+01 1.121335292963859974e+05 2.359919105180970089e-02 1.779005276812739990e+12 3.333475930014390178e+04 1.667981394001539996e+00
-6.472114750617653556e+01 1.114074803193609987e+05 2.314451491232689950e-02 1.722175859890379883e+12 3.325914238835329888e+04 1.668010831069210109e+00
-6.399560773920691759e+01 1.106826922444630036e+05 2.269672150414829906e-02 1.666937229407639893e+12 3.318421805959819903e+04 1.668026401618529997e+00
-6.327479882890629881e+01 1.099593347995560034e+05 2.225550326586309829e-02 1.613239999147129883e+12 3.310994808659850241e+04 1.668024301936319898e+00
-6.255871145253276921e+01 1.092376589158800052e+05 2.182119241129440099e-02 1.561061343112370117e+12 3.303656264839490177e+04 1.668030166625140032e+00
-6.184733510234151765e+01 1.085169705461470003e+05 2.139328540552900074e-02 1.510340165639860107e+12 3.296363508816430112e+04 1.668010931196080016e+00
-6.114066337307529864e+01 1.077978238914269896e+05 2.097199779289350002e-02 1.461053335599159912e+12 3.289155398169650289e+04 1.667990981378949966e+00
-6.043868606677148136e+01 1.070797373957799864e+05 2.055723051739550070e-02 1.413170253051719971e+12 3.282015610501370247e+04 1.667961475411829930e+00
-5.974139615675158410e+01 1.063632793461469992e+05 2.014881245765679993e-02 1.366648257224760010e+12 3.274952433265660147e+04 1.667929223962820062e+00
-5.904878329800578030e+01 1.056479108359679958e+05 1.974683343175150096e-02 1.321453940126459961e+12 3.267950660691180019e+04 1.667886610584949914e+00
-5.836084038987116429e+01 1.049337920821019943e+05 1.935088448975489858e-02 1.277555047888120117e+12 3.261011672335700132e+04 1.667822254255650005e+00
-5.767755845894603084e+01 1.042211070079099882e+05 1.896093704180639924e-02 1.234925091610629883e+12 3.254142195813609942e+04 1.667755725351540042e+00
-5.699892769437335005e+01 1.035103124120209977e+05 1.857710179747040086e-02 1.193525563860489990e+12 3.247343374849259999e+04 1.667688356273159922e+00
-5.632493575542609676e+01 1.028008583745059877e+05 1.819915685626009860e-02 1.153326825234919922e+12 3.240608041017379946e+04 1.667609373886139945e+00
-5.565557375469533952e+01 1.020933787095459993e+05 1.782713058091829963e-02 1.114301265851479980e+12 3.233936659758249880e+04 1.667536964233780061e+00
-5.499082897960902727e+01 1.013873054059300048e+05 1.746100772530879974e-02 1.076413720887530029e+12 3.227330503933940054e+04 1.667475869563729951e+00
-5.433069207781370835e+01 1.006829228340749978e+05 1.710071556001210163e-02 1.039638333905859985e+12 3.220780721387029917e+04 1.667417956678389990e+00
-5.367515160284173703e+01 9.998041655008289672e+04 1.674630243521489995e-02 1.003950175505329956e+12 3.214322077320079916e+04 1.667384320438050072e+00
-5.302419560120962672e+01 9.927962558002829610e+04 1.639730240634639999e-02 9.693151855662010498e+11 3.207908607672910148e+04 1.667347530780799891e+00
-5.237781325067797411e+01 9.858031906436959980e+04 1.605385022517689941e-02 9.357062217966579590e+11 3.201549871959819939e+04 1.667317190637249924e+00
-5.173599512721742144e+01 9.788264634537379607e+04 1.571584433556370147e-02 9.031028122251719971e+11 3.195259223834750082e+04 1.667291174340590043e+00
-5.109873132099016857e+01 9.718620362677209778e+04 1.538328412892839975e-02 8.714753756168690186e+11 3.189028763293359953e+04 1.667260619493249996e+00
-5.046601408533562250e+01 9.649072224081959575e+04 1.505609693481520066e-02 8.407984696993299561e+11 3.182852694313900065e+04 1.667225970423489967e+00
-4.983783708273521995e+01 9.579677819907979574e+04 1.473439785848700001e-02 8.110505332138549805e+11 3.176752832874979867e+04 1.667192930715359900e+00
-4.921419106618087369e+01 9.510355840548660490e+04 1.441794034171089978e-02 7.822035766028010254e+11 3.170706279029099824e+04 1.667155286531410097e+00
-4.859507078453246720e+01 9.441115184189690626e+04 1.410673514262210035e-02 7.542354633008179932e+11 3.164719016082010057e+04 1.667118863204209989e+00
-4.798046866222705376e+01 9.372079847841738956e+04 1.380054782239699927e-02 7.271249133106689453e+11 3.158788732324530065e+04 1.667097449478420090e+00
-4.737037094954516903e+01 9.303268681302008918e+04 1.349925056297899932e-02 7.008475120004969482e+11 3.152921756723340150e+04 1.667086601257320000e+00
-4.676476426286493648e+01 9.234564235433399153e+04 1.320283134796169933e-02 6.753809731835030518e+11 3.147101067496640098e+04 1.667069637443070018e+00
-4.616364235288773443e+01 9.166028595334070269e+04 1.291139608636530066e-02 6.507041570989699707e+11 3.141349540240439819e+04 1.667058066168640051e+00
-4.556699512983691847e+01 9.097565238454210339e+04 1.262475222921860020e-02 6.267999145020920410e+11 3.135658815214209972e+04 1.667036020667030050e+00
-4.497481922147431277e+01 9.029192088595331006e+04 1.234298820813850041e-02 6.036449159159859619e+11 3.130026585442239957e+04 1.666996072144619978e+00
-4.438710991731481670e+01 8.960804109612220782e+04 1.206587728261289925e-02 5.812151127471560059e+11 3.124437147937030022e+04 1.666920833246769984e+00
-4.380386847066269951e+01 8.892449466437140654e+04 1.179355311148009948e-02 5.594981110637600098e+11 3.118912921651389843e+04 1.666820812480050096e+00
-4.322509199757224252e+01 8.824100147361660493e+04 1.152583668783919990e-02 5.384718505375079956e+11 3.113428513253909841e+04 1.666679787821460090e+00
-4.265077874909074751e+01 8.755850315101759043e+04 1.126266376430560059e-02 5.181193813095579834e+11 3.108026188768220163e+04 1.666512211156609968e+00
-4.208092085615326994e+01 8.687709483779528819e+04 1.100369223024980081e-02 4.984195526597719727e+11 3.102650036202490082e+04 1.666308297837469921e+00
-4.151551059787303188e+01 8.619732809176979936e+04 1.074907647604689959e-02 4.793583442867050171e+11 3.097348286445470148e+04 1.666091190912349917e+00
-4.095453745253033873e+01 8.551873936138889985e+04 1.049875232661869918e-02 4.609170379884860229e+11 3.092094314682999902e+04 1.665857894759700031e+00
-4.039799363871109250e+01 8.484146684427579748e+04 1.025270372754870027e-02 4.430796388937100220e+11 3.086896716474770074e+04 1.665611142274959988e+00
-3.984587063161047382e+01 8.416578822640341241e+04 1.001090023413159918e-02 4.258277733966480103e+11 3.081751474982939908e+04 1.665360964016030065e+00
-3.929815878270774476e+01 8.349092898279329529e+04 9.773338870712380139e-03 4.091472639799349976e+11 3.076662965234230069e+04 1.665108516291089913e+00
-3.875485271312142999e+01 8.281723164117260603e+04 9.540019613276539204e-03 3.930211136629559937e+11 3.071621604951249901e+04 1.664852253686839978e+00
-3.821594473092345368e+01 8.214479831228249532e+04 9.310923131810880382e-03 3.774336467801480103e+11 3.066633014422429915e+04 1.664607293613729944e+00
-3.768142590718412777e+01 8.147321546477000811e+04 9.085943781971009617e-03 3.623690390770120239e+11 3.061688831327349908e+04 1.664365711533009939e+00
-3.715128892749692824e+01 8.080401251688488992e+04 8.864935328499390019e-03 3.478147736028779907e+11 3.056806682172360161e+04 1.664147546229310048e+00
-3.662551798558667571e+01 8.013667875705960614e+04 8.647787099836379276e-03 3.337550624215170288e+11 3.051966308185439993e+04 1.663954774333070041e+00
-3.610410230765753425e+01 7.947105720777850365e+04 8.434533119477519159e-03 3.201750741343400269e+11 3.047183354673179929e+04 1.663760898341720029e+00
-3.558703345092160220e+01 7.880621787276679242e+04 8.225208964497970551e-03 3.070629943533040161e+11 3.042462043174339851e+04 1.663561426534829968e+00
-3.507430783361250093e+01 7.814084542281890754e+04 8.019720741440460390e-03 2.944025253660219727e+11 3.037763614457329822e+04 1.663327554689810084e+00
-3.456592711221636449e+01 7.747660236022940080e+04 7.818113039015750498e-03 2.821845585393239746e+11 3.033136095046879927e+04 1.663065354862850009e+00
-3.406188301139478369e+01 7.681367122888279846e+04 7.620128359458960311e-03 2.703947441255249939e+11 3.028557768663809838e+04 1.662796495718579903e+00
-3.356216859893546456e+01 7.615116569776809774e+04 7.425758663131490009e-03 2.590190367360729980e+11 3.024016764116130071e+04 1.662493797201479939e+00
-3.306678207533249036e+01 7.548868715579240234e+04 7.234964837467210141e-03 2.480472514821040039e+11 3.019522534132919827e+04 1.662145770462819971e+00
-3.257572411562114922e+01 7.482670113760320237e+04 7.047796839027260264e-03 2.374677555716329956e+11 3.015099001266760024e+04 1.661732404596949930e+00
-3.208899206182545072e+01 7.416364434230020561e+04 6.864109831176599952e-03 2.272680929907539978e+11 3.010687225160549860e+04 1.661232306412359971e+00
-3.160659156325278474e+01 7.350149053858610569e+04 6.683888020126529592e-03 2.174385245096839905e+11 3.006354139886000121e+04 1.660671029297470014e+00
-3.112851520773308422e+01 7.283946098013879964e+04 6.506980887822189780e-03 2.079666454233469849e+11 3.002060461178909827e+04 1.660046128493579909e+00
-3.065476107184646182e+01 7.217901727833550831e+04 6.333475310317570120e-03 1.988441877959429932e+11 2.997820675989639858e+04 1.659398972872909939e+00
-3.018531802459508029e+01 7.151935249142190150e+04 6.163221477095200129e-03 1.900574104081960144e+11 2.993606193859930136e+04 1.658711811608269970e+00
-2.972018032807476473e+01 7.086158286084810970e+04 5.996238621434019783e-03 1.815991006048080139e+11 2.989455445269849952e+04 1.658014791449939906e+00
-2.925933523089963728e+01 7.020505554621129704e+04 5.832512201206049851e-03 1.734576826401929932e+11 2.985344271671719980e+04 1.657298603668780013e+00
-2.880277433441784751e+01 6.955043258750390669e+04 5.671957803125919975e-03 1.656239256303970032e+11 2.981278585117409966e+04 1.656571517985909958e+00
-2.835048614497799946e+01 6.889737212467740756e+04 5.514565319860669987e-03 1.580883453380620117e+11 2.977261427397299849e+04 1.655832862341859890e+00
-2.790246169912238372e+01 6.824477072662279534e+04 5.360357587642610409e-03 1.508408192364670105e+11 2.973294068374440030e+04 1.655062765232319988e+00
-2.745869712438852162e+01 6.759364225034610718e+04 5.209315565881110152e-03 1.438735893052590027e+11 2.969377352736660032e+04 1.654282762826069897e+00
-2.701918322436426934e+01 6.694409627031089622e+04 5.061326626442400230e-03 1.371769844341410065e+11 2.965493216567950003e+04 1.653508348262199945e+00
-2.658391389097981872e+01 6.629442984045780031e+04 4.916395089454590056e-03 1.307425412835590057e+11 2.961651136758099892e+04 1.652659451132749924e+00
-2.615289286154128234e+01 6.564281485619790328e+04 4.774508644392839660e-03 1.245618724438529968e+11 2.957860767761199895e+04 1.651642606947999914e+00
-2.572613137188497490e+01 6.499095924780500354e+04 4.635502069644000314e-03 1.186273811781139984e+11 2.954106914092109946e+04 1.650513034959250058e+00
-2.530363054894151276e+01 6.433904556301739649e+04 4.499394860076389759e-03 1.129310544989960022e+11 2.950408448110429890e+04 1.649257858170749991e+00
-2.488539262151704889e+01 6.368560904238809599e+04 4.366157863577149745e-03 1.074653044181889954e+11 2.946742740793479970e+04 1.647832043471560093e+00
-2.447142677997229754e+01 6.303114609404260409e+04 4.235697997899400338e-03 1.022225435081820068e+11 2.943126626607419894e+04 1.646219321857399942e+00
-2.406173707959487018e+01 6.237699546590280079e+04 4.107942141140050012e-03 9.719622894766419983e+10 2.939554543078750066e+04 1.644464627755289898e+00
-2.365631946371278360e+01 6.172322005227539921e+04 3.982884639656059794e-03 9.237833783629150391e+10 2.936009108990550158e+04 1.642580070947150084e+00
-2.325517018114177148e+01 6.107083332586109464e+04 3.860549292905890092e-03 8.776324605947700500e+10 2.932534104483359988e+04 1.640605401479849901e+00
-2.285827934494797731e+01 6.041933019580499968e+04 3.740787245533960109e-03 8.334294166769039917e+10 2.929091684189049920e+04 1.638500598839419897e+00
-2.246563943789018580e+01 5.976971385894020204e+04 3.623589342773029989e-03 7.911144003213760376e+10 2.925701612818380090e+04 1.636302789389999957e+00
-2.207723628069902588e+01 5.912257855910259968e+04 3.508947532720969875e-03 7.506162704342649841e+10 2.922334096180760025e+04 1.634046185974890042e+00
-2.169305249477081077e+01 5.847801139452369534e+04 3.396846829322720113e-03 7.118766380935589600e+10 2.919013697643449996e+04 1.631767462412440084e+00
-2.131307030927421664e+01 5.783667217512000207e+04 3.287206049407530133e-03 6.748339721695559692e+10 2.915734551009990173e+04 1.629433317097640055e+00
-2.093726884763972151e+01 5.719836339310189942e+04 3.179988169435829862e-03 6.394261078181439972e+10 2.912494893923509881e+04 1.627058792797380082e+00
-2.056563133010416777e+01 5.656259031391429744e+04 3.075285065701590086e-03 6.055992737273500061e+10 2.909319564673949935e+04 1.624637059225950031e+00
-2.019814487276455850e+01 5.592689401336929586e+04 2.973098179709309907e-03 5.732867582370890045e+10 2.906150154721270155e+04 1.622103475569599995e+00
-1.983480948849738112e+01 5.529218733942439576e+04 2.873346046441160092e-03 5.424398963830429840e+10 2.903031715235600132e+04 1.619435764554659984e+00
-1.947561875742129089e+01 5.465840453008170152e+04 2.776025588360500184e-03 5.130085507325029755e+10 2.899971390520159912e+04 1.616640502839590043e+00
-1.912056755183462187e+01 5.402475156195330783e+04 2.681078029549879838e-03 4.849332747521929932e+10 2.896942768221670121e+04 1.613657599152420019e+00
-1.876965203687371897e+01 5.339176499329210492e+04 2.588415734928160156e-03 4.581643130743530273e+10 2.893925681302500016e+04 1.610510556729980003e+00
-1.842286340222708674e+01 5.276272630446479889e+04 2.498044212201979992e-03 4.326598293175389862e+10 2.890980567808160049e+04 1.607339116511000032e+00
-1.808017455633492432e+01 5.213598433448090509e+04 2.409877229913850050e-03 4.083644224968609619e+10 2.888071298636159918e+04 1.604069564508199930e+00
-1.774156679154455318e+01 5.151321648491219821e+04 2.323875905406649813e-03 3.852327573133560181e+10 2.885193870441809850e+04 1.600763426170759951e+00
-1.740701018249777476e+01 5.089711937945960381e+04 2.240025002931409978e-03 3.632210210741390228e+10 2.882358411459909985e+04 1.597599336046829910e+00
-1.707646030141892268e+01 5.028551221889370208e+04 2.158264281123869859e-03 3.422811730803459930e+10 2.879557930442849829e+04 1.594439460374339923e+00
-1.674988364153545106e+01 4.968113209017810732e+04 2.078589011838109964e-03 3.223723601197230148e+10 2.876799124181570005e+04 1.591439066358000032e+00
-1.642722932945143910e+01 4.908564970253789943e+04 2.000968141287189951e-03 3.034499399559320068e+10 2.874054409053529889e+04 1.588775243530480052e+00
-1.610843960654939977e+01 4.849753596310909779e+04 1.925397797507320081e-03 2.854742856367580032e+10 2.871366337075630145e+04 1.586331166182660013e+00
-1.579346742158260142e+01 4.791776183410620433e+04 1.851857076257830068e-03 2.684045239333629990e+10 2.868722591247699893e+04 1.584203922880240034e+00
-1.548226135131158010e+01 4.734455733248170145e+04 1.780332293451630105e-03 2.522009678925370026e+10 2.866100090066430130e+04 1.582322553506710028e+00
-1.517478266560591038e+01 4.677682037981550093e+04 1.710849980753029968e-03 2.368276880793619919e+10 2.863518485547860109e+04 1.580671912554999947e+00
-1.487099673405515787e+01 4.621338392363790626e+04 1.643409843485149971e-03 2.222471006402299881e+10 2.860969282863520129e+04 1.579240517878709893e+00
-1.457087266666375491e+01 4.565629426087329921e+04 1.577971693188300007e-03 2.084253329400490189e+10 2.858451755283979946e+04 1.578160943163769980e+00
-1.427436781661929288e+01 4.510597252316320373e+04 1.514458836997610103e-03 1.953281510839199829e+10 2.855960586996169877e+04 1.577472359126770085e+00
-1.398140097194960063e+01 4.456097853224529536e+04 1.452932884307810016e-03 1.829221868118389893e+10 2.853543019523359908e+04 1.577209329639400082e+00
-1.369189188840273275e+01 4.406812884134530032e+04 1.390494832592610022e-03 1.711852081971800041e+10 2.849002811027179996e+04 1.577443460766779992e+00
-1.340552924427104742e+01 4.359089723409210274e+04 1.329705613845750091e-03 1.601004469796319962e+10 2.843443560426049953e+04 1.578170037350880017e+00
-1.312225340757938596e+01 4.312145618009399914e+04 1.271031958596559926e-03 1.496377762075889969e+10 2.837609341366880108e+04 1.579433990833289947e+00
-1.284202372168522821e+01 4.265921080872960738e+04 1.214410106604630040e-03 1.397671379695809937e+10 2.831627572259870067e+04 1.581207628633410023e+00
-1.256480135451050373e+01 4.220058764175790566e+04 1.159793936596370013e-03 1.304595272989979935e+10 2.825566990943350174e+04 1.583218838365159975e+00
-1.229056641164109998e+01 4.174339999940789858e+04 1.107117085578800033e-03 1.216871364735630035e+10 2.819434420057589887e+04 1.585344665960100041e+00
-1.201930835756416904e+01 4.129086843535189837e+04 1.056335119237309956e-03 1.134239464775979996e+10 2.813273188238689909e+04 1.587828409920210015e+00
-1.175100041880873469e+01 4.084011767183560005e+04 1.007383763597109955e-03 1.056449323379330063e+10 2.807087712925360029e+04 1.590453510830520001e+00
-1.148563707803435818e+01 4.038937134919379605e+04 9.602245790552559751e-04 9.832527826525810242e+09 2.800896565569459926e+04 1.593094193825540072e+00
-1.122322412907033495e+01 3.993755171646059898e+04 9.148068506577619998e-04 9.144309283733110428e+09 2.794705355804899955e+04 1.595662286577949951e+00
-1.096377594953184698e+01 3.948151005673639884e+04 8.710806533768670297e-04 8.497589233042969704e+09 2.788519976583910102e+04 1.597904507425230047e+00
-1.070732486314848408e+01 3.901967042716460128e+04 8.290143179255100164e-04 7.890485764937259674e+09 2.782365641306119869e+04 1.599655060121589978e+00
-1.045391197535485084e+01 3.855248683269930189e+04 7.885571304842670061e-04 7.320897300153269768e+09 2.776220408075860178e+04 1.600932045366779910e+00
-1.020357692655812265e+01 3.807671677397009626e+04 7.496771632998559766e-04 6.787024213055789948e+09 2.770124385158480072e+04 1.601453111176939892e+00
-9.956378521646819024e+00 3.759268269881169545e+04 7.123334205660899815e-04 6.287060795684670448e+09 2.764051323565810162e+04 1.601187174507640032e+00
-9.712373956140467612e+00 3.709961657321259554e+04 6.764930717539900272e-04 5.819304098119739532e+09 2.758016395046349862e+04 1.600029515927170021e+00
-9.471626660370494832e+00 3.659491438515450136e+04 6.421119057055679497e-04 5.382052336977049828e+09 2.752028984675190077e+04 1.597735752652750030e+00
-9.234212136150665273e+00 3.607917312336189934e+04 6.091603682700529911e-04 4.973766988930489540e+09 2.746105533303870106e+04 1.594256389590029910e+00
-9.000198789011138345e+00 3.555433008472950314e+04 5.776016619755149463e-04 4.592899944408800125e+09 2.740224383116299941e+04 1.589732481042960055e+00
-8.769644121937986370e+00 3.502045879384499858e+04 5.473987027000739572e-04 4.237958653421979904e+09 2.734412914753509904e+04 1.584131018504830068e+00
-8.542606705255829880e+00 3.447793874261969904e+04 5.185092539098510494e-04 3.907465489105879784e+09 2.728644738305639839e+04 1.577410598898129956e+00
-8.319140746888894711e+00 3.392645932125979743e+04 4.909035803086310087e-04 3.600084900342110157e+09 2.722954634967329912e+04 1.569504985959149890e+00
-8.099298493833089196e+00 3.336902058600910095e+04 4.645401758997110236e-04 3.314438077483779907e+09 2.717343965575659968e+04 1.560633238182600024e+00
-7.883113638874570839e+00 3.280750570496410364e+04 4.393791004852200211e-04 3.049261769254990101e+09 2.711808739927269926e+04 1.550925061816309958e+00
-7.670609183101859685e+00 3.224163812460820191e+04 4.153795092327290184e-04 2.803253076389780045e+09 2.706340681626060177e+04 1.540339777971500013e+00
-7.461808348642663624e+00 3.167450722300080088e+04 3.925025070890760014e-04 2.575243347691490173e+09 2.700945186443920102e+04 1.529131100532729937e+00
-7.256693126505683544e+00 3.110643140707309794e+04 3.707064304420850222e-04 2.364078347791090012e+09 2.695633574628660062e+04 1.517294621212379901e+00
-7.055160688661048063e+00 3.056493655021839731e+04 3.499412794372249759e-04 2.168550867686830044e+09 2.690401711512390102e+04 1.507552657230500026e+00
-6.856976553585230505e+00 3.012531730080939815e+04 3.301437802969680170e-04 1.987440506396189928e+09 2.685228947261959911e+04 1.507554248833649968e+00
-6.661582612093700284e+00 2.968638143611669875e+04 3.112285687849079894e-04 1.819368911729949951e+09 2.680126403651230066e+04 1.507558466822549903e+00
-6.469053967028973062e+00 2.924819850437060086e+04 2.931718001515979766e-04 1.663600009841219902e+09 2.675071274477710176e+04 1.507550996129850107e+00
-6.279385564605660441e+00 2.881089136297610094e+04 2.759463784633019883e-04 1.519378830872900009e+09 2.670089789589630163e+04 1.507554192783129965e+00
-6.092571767705623031e+00 2.837448539650380189e+04 2.595216772938270045e-04 1.385975297847150087e+09 2.665168728972219833e+04 1.507554211163449898e+00
-5.908606886085497223e+00 2.793871472858460038e+04 2.438713131911870113e-04 1.262702262419689894e+09 2.660314623112580011e+04 1.507554059980209971e+00
-5.727486708918403835e+00 2.750384401868360146e+04 2.289670687488409894e-04 1.148912671085419893e+09 2.655528630201319902e+04 1.507559125665590027e+00
-5.549205359195524601e+00 2.706967578012309968e+04 2.147818894437330097e-04 1.043981087835530043e+09 2.650794331853249969e+04 1.507552720986520045e+00
-5.373758275446387955e+00 2.663634865757199805e+04 2.012912947035130115e-04 9.473325186308859587e+08 2.646137172503429974e+04 1.507553366331719991e+00
-5.201139987079043792e+00 2.620374360852119935e+04 1.884692273336629901e-04 8.584099330481510162e+08 2.641536876912969819e+04 1.507550636601689975e+00
-5.031345837972633461e+00 2.577193699784899945e+04 1.762911513815150130e-04 7.766956636234649420e+08 2.637011875207710182e+04 1.507556414692009961e+00
-4.864370754077153691e+00 2.534081874018140297e+04 1.647331823868700075e-04 7.016947812732909918e+08 2.632551518859580028e+04 1.507555461385899909e+00
-4.700210244023576678e+00 2.491036623796230197e+04 1.537718675333780093e-04 6.329445724586770535e+08 2.628154314389860156e+04 1.507553881667079931e+00
-4.538859841919063776e+00 2.448072217908380117e+04 1.433846063395859973e-04 5.700038599111319780e+08 2.623822152417489997e+04 1.507552334266260008e+00
-4.380314324510818480e+00 2.405176820822760055e+04 1.335490409319569933e-04 5.124616288153629899e+08 2.619557618790740162e+04 1.507553319302860073e+00
-4.224569326693587534e+00 2.362353630637390233e+04 1.242442257065979954e-04 4.599293878401700258e+08 2.615375999481289909e+04 1.507556683621539939e+00
-4.071620208140418917e+00 2.319590602190750360e+04 1.154484652910849952e-04 4.120377488181489706e+08 2.611254332918329965e+04 1.507556628218770012e+00
-3.921463066696158073e+00 2.276899574922489774e+04 1.071417206232369958e-04 3.684432179863650203e+08 2.607202661058269950e+04 1.507560094694549990e+00
-3.774093166855864379e+00 2.234265324582370158e+04 9.930349125975969989e-05 3.288223457707020044e+08 2.603212869023290114e+04 1.507554414672209964e+00
-3.629506840711390403e+00 2.191710787656560206e+04 9.191540518944399873e-05 2.928733285158389807e+08 2.599292563713200070e+04 1.507556847678040102e+00
-3.487698990271364430e+00 2.149200548160479957e+04 8.495795940467819991e-05 2.603076432393859923e+08 2.595452447961029975e+04 1.507553834938510029e+00
-3.348666650909476683e+00 2.106770160826770007e+04 7.841344391045729852e-05 2.308610318758670092e+08 2.591673758995949902e+04 1.507556396536249954e+00
-3.212404646936233288e+00 2.064391486586529936e+04 7.226338642945810318e-05 2.042815415254099965e+08 2.587971134309620174e+04 1.507557725014420091e+00
-3.078909651222744071e+00 2.022082267350179973e+04 6.649127159209130265e-05 1.803380944687350094e+08 2.584341282332850096e+04 1.507557520837089937e+00
-2.948177303828506624e+00 1.979828072418249940e+04 6.107978465603570528e-05 1.588093497486180067e+08 2.580785819779850135e+04 1.507559825520599972e+00
-2.820204118456125730e+00 1.937620259688330043e+04 5.601243329302510145e-05 1.394920137797450125e+08 2.577286493731020164e+04 1.507554549617700079e+00
-2.694986844670395953e+00 1.895476546394110119e+04 5.127405765967890189e-05 1.221978948533969969e+08 2.573868611403850082e+04 1.507555793542260103e+00
-2.572521317744857594e+00 1.853396955878959852e+04 4.684898590511940103e-05 1.067485508673990071e+08 2.570518887586889832e+04 1.507557190916239964e+00
-2.452803526260676659e+00 1.811363116639389773e+04 4.272213955276780143e-05 9.298018217831119895e+07 2.567232572819599955e+04 1.507552748929239961e+00
-2.335830579300352650e+00 1.769390496650090063e+04 3.887945568663099863e-05 8.074028812334099412e+07 2.564041038574760023e+04 1.507558909403369896e+00
-2.221598564005550447e+00 1.727454717086029996e+04 3.530655520757769754e-05 6.988691186694240570e+07 2.560900954654390080e+04 1.507555083956620079e+00
-2.110105034285106207e+00 1.685579744972709886e+04 3.199009425391090002e-05 6.028929949576680362e+07 2.557838368959059881e+04 1.507556616004050110e+00
-2.001345947644137091e+00 1.643746298693129938e+04 2.891671958241720072e-05 5.182604289270289987e+07 2.554848483685660176e+04 1.507551619746329896e+00
-1.895318661686377970e+00 1.601979614895889972e+04 2.607394755435849977e-05 4.438598877191229910e+07 2.551946667481349868e+04 1.507560460955710058e+00
-1.792019072369332555e+00 1.560240667068269977e+04 2.344917132518790150e-05 3.786515128903319687e+07 2.549090267564059832e+04 1.507553967592140109e+00
-1.691445280888971947e+00 1.518552980197829856e+04 2.103066308401380029e-05 3.216944771352899820e+07 2.546327071874840112e+04 1.507551119847760024e+00
-1.593593869971035026e+00 1.476917346565600019e+04 1.880689178826709887e-05 2.721174538639859855e+07 2.543625660578639872e+04 1.507554939654710102e+00
-1.498461631076301925e+00 1.435320521001749876e+04 1.676653646663550028e-05 2.291231006354039907e+07 2.540989387687320050e+04 1.507549336049279987e+00
-1.406046037735828591e+00 1.393766049946940075e+04 1.489898702186279986e-05 1.919842555285559967e+07 2.538443688676139936e+04 1.507550854014299890e+00
-1.316344372039738975e+00 1.352259561189420128e+04 1.319395952572779934e-05 1.600366568477159925e+07 2.535977644699140001e+04 1.507560202251849946e+00
-1.229353586783361152e+00 1.310782691381290169e+04 1.164114186753569980e-05 1.326735155472129956e+07 2.533572439202230089e+04 1.507553666725599983e+00
-1.145071804617861622e+00 1.269354458920360048e+04 1.023117297898370044e-05 1.093492033721080050e+07 2.531250523799220173e+04 1.507558995534240109e+00
-1.063495963225027818e+00 1.227952654843439996e+04 8.954579979684779657e-06 8.956481195096289739e+06 2.528982682904530157e+04 1.507554031155819985e+00
-9.846242776098620419e-01 1.186597283150250041e+04 7.802530513827069528e-06 7.287331891924450174e+06 2.526803189849559931e+04 1.507555429806380021e+00
-9.084537677089834506e-01 1.145272688699869832e+04 6.766381550324690084e-06 5.887110867701970041e+06 2.524695000183580123e+04 1.507558587175700016e+00
-8.349825454135075820e-01 1.103985819919330061e+04 5.837918833489460175e-06 4.719665617188169621e+06 2.522657612918439918e+04 1.507555912291419942e+00
-7.642081692745962274e-01 1.062727872874249988e+04 5.009228659999339770e-06 3.752700383184019942e+06 2.520697797928080035e+04 1.507555733040029988e+00
-6.961288259160823833e-01 1.021510404842069875e+04 4.272752108094669807e-06 2.957438701853789855e+06 2.518818197833959857e+04 1.507561353267929949e+00
-6.307420313884246621e-01 9.803135263751799357e+03 3.621187758114130075e-06 2.308374008471279871e+06 2.516998844476000158e+04 1.507556987288610095e+00
-5.680464639282195582e-01 9.391509067856359252e+03 3.047652550481570089e-06 1.783043467292899964e+06 2.515264216612419841e+04 1.507556787997810011e+00
-5.080399499868842872e-01 8.980151141136389924e+03 2.545523519572249847e-06 1.361669278433199972e+06 2.513604670378470109e+04 1.507552132823499980e+00
-4.507208279208763657e-01 8.569066291204098889e+03 2.108535110673079805e-06 1.027011198750389973e+06 2.512010668296759832e+04 1.507556041925689927e+00
-3.960873530041785218e-01 8.158264576315639715e+03 1.730681050785619969e-06 7.640839647623669589e+05 2.510496207554730063e+04 1.507557107884269998e+00
-3.441378206126186612e-01 7.747747464655960357e+03 1.406310853921949910e-06 5.599591739330929704e+05 2.509069304326850033e+04 1.507561504449840051e+00
-2.948705480858135886e-01 7.337414374690029945e+03 1.130036210788100037e-06 4.035556308200379717e+05 2.507685667159170043e+04 1.507554056092579975e+00
-2.482844236486491385e-01 6.927343051548909898e+03 8.967965616216990510e-07 2.854647580227460130e+05 2.506388766623529955e+04 1.507556797032560070e+00
-2.043779700915615838e-01 6.517474566467700242e+03 7.018238420729370353e-07 1.977495462386499858e+05 2.505159019356159843e+04 1.507553017843570098e+00
-1.630149533223779201e-01 6.259925933228666509e+03 5.415874764903570318e-07 1.350363734433375357e+05 2.503983209411229836e+04 1.507553909092939959e+00
-1.238587962622770960e-01 6.163150884755612424e+03 4.118436166248104672e-07 9.239585838469011651e+04 2.503281522598570155e+04 1.507552220185770064e+00
-8.572358825148887473e-02 6.124251218624453031e+03 3.083575688335184923e-07 6.320050927488890738e+04 2.503128005345709971e+04 1.507551601923390105e+00
-4.718639508788450426e-02 6.107873538894095873e+03 2.257507499922845232e-07 4.276329379645816516e+04 2.503161402620270019e+04 1.608799377378659967e+00
-7.495478023898138539e-03 6.100960816606540902e+03 1.609155880135814561e-07 2.845102153189206001e+04 2.503326096288019835e+04 1.633967345434440110e+00
3.230902476126697870e-02 6.098165517925976928e+03 1.128744865404199226e-07 1.883231338346490520e+04 2.505398813645149858e+04 1.639450867192350003e+00
7.213584039950760030e-02 6.097039701656985926e+03 7.814998670476795084e-08 1.242444462159252726e+04 2.505438500810589903e+04 1.640094887050099981e+00
1.119633393184639725e-01 6.096586657329269656e+03 5.352038660886844782e-08 8.176815652370533826e+03 2.505336468277559834e+04 1.640340937501010066e+00
1.517999488855746038e-01 6.096404325113364393e+03 3.631149630794584179e-08 5.370092829841428284e+03 2.505188596081919968e+04 1.641309013209419909e+00
1.916565108909601689e-01 6.096330946741973094e+03 2.443770582862023318e-08 3.520183016287543524e+03 2.505027976671850047e+04 1.645239769355349990e+00
2.315591930281269695e-01 6.096301417719956589e+03 1.632915237930890328e-08 2.303163320075291267e+03 2.504959086374099934e+04 1.647985391051979942e+00
2.714878929637418725e-01 6.096289550802493977e+03 1.084611364032304957e-08 1.504664683412882141e+03 2.504920939635259856e+04 1.649233588908580073e+00
3.114290338016003634e-01 6.096284785636691595e+03 7.168413639721051272e-09 9.818449654150314245e+02 2.504913476040109890e+04 1.649822520287989924e+00
3.513756797560361189e-01 6.096282872929735277e+03 4.718002766170965411e-09 6.400641063951853766e+02 2.504867300501600039e+04 1.651463449837540010e+00
3.913325909634607358e-01 6.096282105222085193e+03 3.094047973048116650e-09 4.168752740255737308e+02 2.504823606525269861e+04 1.650556722972829959e+00
4.312668406913620633e-01 6.096281797313124116e+03 2.023534183391319691e-09 2.713836611716041034e+02 2.504758324438890122e+04 1.647448545544160092e+00
4.711594305844788999e-01 6.096281673790367677e+03 1.320668246400770282e-09 1.766356910216505298e+02 2.504656042552350118e+04 1.643523384068549920e+00
5.110110036817452350e-01 6.096281624189531613e+03 8.604813024492417903e-10 1.149518884790960840e+02 2.499831736330040076e+04 1.640705405474879974e+00
5.508384612517902568e-01 6.096281604248356416e+03 5.597786437215423879e-10 7.478971967574135249e+01 2.499832804353499887e+04 1.640706057344659907e+00
5.906701253336293922e-01 6.096281596223429005e+03 3.635837403447978955e-10 4.863442354572288195e+01 2.499832610472670058e+04 1.640705939009200032e+00
6.305017840354428804e-01 6.096281592994477251e+03 2.358446149915003750e-10 3.161253049567641682e+01 2.499832158520930170e+04 1.640705663159750083e+00
6.703334400924467751e-01 6.096281591695259522e+03 1.528150617616804780e-10 2.054016570083244630e+01 2.499831448499509861e+04 1.640705229797059905e+00
7.101650919944691998e-01 6.096281591172499247e+03 9.892305498280779282e-11 1.334109670513969981e+01 2.499832763315319971e+04 1.640706032296950001e+00
7.499967549626880281e-01 6.096281590962158589e+03 6.398549387448733627e-11 8.662317129812890926e+00 2.499832474947789888e+04 1.640705856291369891e+00
7.898284144440048671e-01 6.096281590877524650e+03 4.135904856851948978e-11 5.622667773370501720e+00 2.499831928509199861e+04 1.640705522771729985e+00
8.296600706402498249e-01 6.096281590843471349e+03 2.671830946190090028e-11 3.648599345844035557e+00 2.499831124001240096e+04 1.640705031739039921e+00
8.694917172178813214e-01 6.096281590829768902e+03 1.725180714429561684e-11 2.366976705208384768e+00 2.499832687684000120e+04 1.640705986135249983e+00
9.093233770819955097e-01 6.096281590824255545e+03 1.113472090755190307e-11 1.535159451796084040e+00 2.499832304831509828e+04 1.640705752460640099e+00
9.491550347259778420e-01 6.096281590822037288e+03 7.184069038384717277e-12 9.954323953438133366e-01 2.499831663908619885e+04 1.640705361272349894e+00
9.889866885418324705e-01 6.096281590821145073e+03 4.633735191068382899e-12 6.453200697252535756e-01 2.499832796725670050e+04 1.640706052689010042e+00
1.028818352025135496e+00 6.096281590820785823e+03 2.988003184700143082e-12 4.182629503797887227e-01 2.499832577457070147e+04 1.640705918858079926e+00
1.068650010274608153e+00 6.096281590820641213e+03 1.926357060061273043e-12 2.710439818996218109e-01 2.499832100117790105e+04 1.640705627513300069e+00
1.108481665719167397e+00 6.096281590820583006e+03 1.241688250482370831e-12 1.756107431233581151e-01 2.499831364709119953e+04 1.640705178655470053e+00
1.148313316813714513e+00 6.096281590820559359e+03 8.002403595144944748e-13 1.137595174828378297e-01 2.499832746392639820e+04 1.640706021968169948e+00
1.188144980025644060e+00 6.096281590820550264e+03 5.156684663664217999e-13 7.368069558431722399e-02 2.499832432637569946e+04 1.640705830467259929e+00
