 8.03288764052528E-01 1.74270941869205E+07 8.88383034646573E-02 1.62061383970068E+13 4.20520023019115E+04 1.66482859456878E+00
 8.04920495974007E-01 1.73360114450772E+07 8.74478826950864E-02 1.57860387786469E+13 4.18899198911066E+04 1.66484758878043E+00
 8.06543694203986E-01 1.72453550466983E+07 8.60771419907592E-02 1.53763253881445E+13 4.17298014457168E+04 1.66487195871260E+00
 8.08158398314615E-01 1.71550308417956E+07 8.47264117122906E-02 1.49765833379336E+13 4.15711981794160E+04 1.66489857438002E+00
 8.09764639365479E-01 1.70650191969602E+07 8.33945757548127E-02 1.45866821376097E+13 4.14141887768209E+04 1.66492318477116E+00
 8.11362447744366E-01 1.69754406926786E+07 8.20819246226416E-02 1.42064404530638E+13 4.12590241049578E+04 1.66496411620158E+00
 8.12951863219979E-01 1.68861630584920E+07 8.07878902595894E-02 1.38354728932703E+13 4.11053627800095E+04 1.66499447417825E+00
 8.14532912798676E-01 1.67972558911595E+07 7.95125716011708E-02 1.34736871235711E+13 4.09533618632835E+04 1.66504155967907E+00
 8.16105631787836E-01 1.67086055866061E+07 7.82548364827678E-02 1.31207594202005E+13 4.08028358732646E+04 1.66508065216959E+00
 8.17670044541454E-01 1.66204147673424E+07 7.70161175988562E-02 1.27765615280837E+13 4.06541533932328E+04 1.66513563696094E+00
 8.19226191909523E-01 1.65324119554770E+07 7.57940388402905E-02 1.24407542019861E+13 4.05065676395777E+04 1.66517595747246E+00
 8.20774092112588E-01 1.64447457084403E+07 7.45897642405041E-02 1.21132773609788E+13 4.03608155968530E+04 1.66522696665610E+00
 8.22313777680285E-01 1.63574345721594E+07 7.34027158457694E-02 1.17938537121550E+13 4.02163682778839E+04 1.66527398864648E+00
 8.23845282045069E-01 1.62703750856095E+07 7.22320984494266E-02 1.14822466719407E+13 4.00733882712358E+04 1.66532813665883E+00
 8.25368629451504E-01 1.61837629078274E+07 7.10784433034215E-02 1.11784378556183E+13 3.99321617932639E+04 1.66538447097916E+00
 8.26883859411112E-01 1.60973626240361E+07 6.99408784085065E-02 1.08820698902784E+13 3.97920883330421E+04 1.66543949887688E+00
 8.28390991282669E-01 1.60112414229190E+07 6.88193745011936E-02 1.05930127047885E+13 3.96534348928853E+04 1.66549631816993E+00
 8.29890052989476E-01 1.59254510513813E+07 6.77140292241092E-02 1.03110957870375E+13 3.95163544128766E+04 1.66555047617807E+00
 8.31381074760243E-01 1.58399685274001E+07 6.66245207418655E-02 1.00361655503670E+13 3.93805501722191E+04 1.66560998313245E+00
 8.32864084448995E-01 1.57547188628569E+07 6.55499947952736E-02 9.76801002983428E+12 3.92461229780457E+04 1.66566903090955E+00
 8.34339105851703E-01 1.56697852874701E+07 6.44909119226806E-02 9.50652210483388E+12 3.91129968027862E+04 1.66572999886053E+00
 8.35806169715227E-01 1.55852391702945E+07 6.34468210338706E-02 9.25152660565454E+12 3.89813929368399E+04 1.66580060808538E+00
 8.37265310494479E-01 1.55009477647878E+07 6.24173431223278E-02 9.00287073585805E+12 3.88509447507586E+04 1.66587210459144E+00
 8.38716551127986E-01 1.54169431833195E+07 6.14024901533906E-02 8.76036721335965E+12 3.87218739203626E+04 1.66594926403199E+00
 8.40159917727891E-01 1.53332093832350E+07 6.04020357170556E-02 8.52388442062529E+12 3.85941091043048E+04 1.66601534395060E+00
 8.41595435279254E-01 1.52496781500284E+07 5.94154763797260E-02 8.29326058542783E+12 3.84675249190074E+04 1.66608051294106E+00
 8.43023123132088E-01 1.51664641322323E+07 5.84434239577304E-02 8.06841520447234E+12 3.83423431617232E+04 1.66614780498629E+00
 8.44443009688141E-01 1.50834343036579E+07 5.74849488039995E-02 7.84918313411850E+12 3.82181643283237E+04 1.66620808509560E+00
 8.45855112092077E-01 1.50006247127996E+07 5.65400199318529E-02 7.63539767084523E+12 3.80953984833094E+04 1.66626108054172E+00
 8.47259452373117E-01 1.49180814173988E+07 5.56084152498744E-02 7.42696801992752E+12 3.79737590835375E+04 1.66631059938432E+00
 8.48656056210965E-01 1.48357918800007E+07 5.46901738447245E-02 7.22373154068428E+12 3.78533306900068E+04 1.66636010719112E+00
 8.50044946774097E-01 1.47537934370696E+07 5.37849898542772E-02 7.02563377709515E+12 3.77342430219994E+04 1.66641600584315E+00
 8.51426150112259E-01 1.46719689084902E+07 5.28926191801600E-02 6.83246603871781E+12 3.76160852825889E+04 1.66646101851792E+00
 8.52799683362175E-01 1.45904069300116E+07 5.20130721869241E-02 6.64418431674605E+12 3.74992469147843E+04 1.66651112038691E+00
 8.54165571822941E-01 1.45091142785710E+07 5.11460354166006E-02 6.46061130843864E+12 3.73835815200938E+04 1.66655834936122E+00
 8.55523838716913E-01 1.44280459043054E+07 5.02914852246962E-02 6.28167269164779E+12 3.72689809056387E+04 1.66660589491525E+00
 8.56874505415946E-01 1.43471106117218E+07 4.94488604607528E-02 6.10722032761595E+12 3.71554110100542E+04 1.66664601608411E+00
 8.58217586798427E-01 1.42665606077071E+07 4.86187447835483E-02 5.93721568903580E+12 3.70431927328079E+04 1.66670199757327E+00
 8.59553117111004E-01 1.41861850014486E+07 4.78001736654473E-02 5.77150402706077E+12 3.69319450235092E+04 1.66675277264973E+00
 8.60881112422387E-01 1.41059940684607E+07 4.69929447304788E-02 5.60996324368930E+12 3.68215723777323E+04 1.66679535985428E+00
 8.62201592267438E-01 1.40261479222776E+07 4.61974356766590E-02 5.45253860463917E+12 3.67125684334703E+04 1.66684092260167E+00
 8.63514588140452E-01 1.39465038110728E+07 4.54130663757058E-02 5.29911431579870E+12 3.66046004023358E+04 1.66689274648323E+00
 8.64820118013035E-01 1.38671152782936E+07 4.46399050047400E-02 5.14960014093658E+12 3.64976006020032E+04 1.66694157726430E+00
 8.66118204866898E-01 1.37879314762344E+07 4.38778888589433E-02 5.00389872439318E+12 3.63916758878970E+04 1.66698997888444E+00
 8.67408867707505E-01 1.37089158576579E+07 4.31265836517258E-02 4.86189291044690E+12 3.62865766888125E+04 1.66703632857305E+00
 8.68692123725613E-01 1.36301726943200E+07 4.23863106916228E-02 4.72354880845344E+12 3.61826751178635E+04 1.66708736285571E+00
 8.69967997083297E-01 1.35516488522781E+07 4.16567418356893E-02 4.58874489796711E+12 3.60798313178992E+04 1.66714082939749E+00
 8.71236507455748E-01 1.34732285566286E+07 4.09374014568889E-02 4.45740113775571E+12 3.59777870040774E+04 1.66718285956258E+00
 8.72497666006217E-01 1.33951167622802E+07 4.02288064528656E-02 4.32945606133206E+12 3.58769435429349E+04 1.66722874984804E+00
 8.73751500938434E-01 1.33171409542670E+07 3.95300606970856E-02 4.20477072155648E+12 3.57769088613451E+04 1.66726957854600E+00
 8.74998026098656E-01 1.32393798077456E+07 3.88411457204173E-02 4.08332919791672E+12 3.56778561893491E+04 1.66730769730179E+00
 8.76237262408674E-01 1.31619366270838E+07 3.81624762632875E-02 3.96504348465698E+12 3.55798941927432E+04 1.66734573170417E+00
 8.77469237113803E-01 1.30845942501798E+07 3.74932309721525E-02 3.84980000438011E+12 3.54827119004251E+04 1.66738193457527E+00
 8.78693959940765E-01 1.30074636130548E+07 3.68336522607849E-02 3.73756130806015E+12 3.53863931874067E+04 1.66740915990889E+00
 8.79911451820306E-01 1.29305585982091E+07 3.61837231426577E-02 3.62824760980812E+12 3.52911437508787E+04 1.66744317579288E+00
 8.81121732583575E-01 1.28538322374558E+07 3.55433646368579E-02 3.52180534247207E+12 3.51969210162311E+04 1.66746865311673E+00
 8.82324818793400E-01 1.27772503716029E+07 3.49119844673217E-02 3.41812497386817E+12 3.51034379431441E+04 1.66749301285608E+00
 8.83520725330128E-01 1.27009091628893E+07 3.42900610376509E-02 3.31718011118600E+12 3.50108938586528E+04 1.66751451490427E+00
 8.84709473949277E-01 1.26247618992789E+07 3.36771157558195E-02 3.21888752071364E+12 3.49192343076999E+04 1.66753419274444E+00
 8.85891081969089E-01 1.25487369115138E+07 3.30730583446282E-02 3.12317697849883E+12 3.48283432122999E+04 1.66754719565610E+00
 8.87065562218086E-01 1.24729472340707E+07 3.24778568542360E-02 3.02999516285840E+12 3.47384732303093E+04 1.66756720343641E+00
 8.88232937712964E-01 1.23973520243542E+07 3.18910472469812E-02 2.93929487386854E+12 3.46494212436958E+04 1.66758143592173E+00
 8.89393226576948E-01 1.23220002580996E+07 3.13127801844817E-02 2.85098246749521E+12 3.45611989045004E+04 1.66758948669408E+00
 8.90546450726477E-01 1.22468232262868E+07 3.07429588028056E-02 2.76503130404299E+12 3.44738495198637E+04 1.66759819172463E+00
 8.91692625789562E-01 1.21718306686914E+07 3.01814748116114E-02 2.68138013004177E+12 3.43873317456219E+04 1.66760806715677E+00
 8.92831769382305E-01 1.20970048639876E+07 2.96282187332565E-02 2.59995616985621E+12 3.43015158718517E+04 1.66761797881619E+00
 8.93963897512002E-01 1.20223967265506E+07 2.90832753217625E-02 2.52073063531171E+12 3.42168094786965E+04 1.66763616271426E+00
 8.95089029571401E-01 1.19479521811263E+07 2.85463861868545E-02 2.44361835581064E+12 3.41326801814710E+04 1.66764591726994E+00
 8.96207180851667E-01 1.18736411632617E+07 2.80174223960919E-02 2.36860006930459E+12 3.40493502874595E+04 1.66765626967680E+00
 8.97318364622893E-01 1.17995706012508E+07 2.74964586021000E-02 2.29560626456406E+12 3.39668946607750E+04 1.66767773397150E+00
 8.98422602976491E-01 1.17256193348995E+07 2.69832345346948E-02 2.22458899061624E+12 3.38851737627100E+04 1.66769667716837E+00
 8.99519907085020E-01 1.16518831874808E+07 2.64777904000225E-02 2.15550800850821E+12 3.38042526027046E+04 1.66772237736232E+00
 9.00610298007209E-01 1.15782875993376E+07 2.59798347595822E-02 2.08830647599748E+12 3.37241296888190E+04 1.66775364149615E+00
 9.01693789908460E-01 1.15049601452524E+07 2.54892149158430E-02 2.02294794087250E+12 3.36447577347894E+04 1.66779502702347E+00
 9.02770407553719E-01 1.14318017889874E+07 2.50059355906279E-02 1.95938053087597E+12 3.35661004494429E+04 1.66784204313774E+00
 9.03840165798539E-01 1.13588506703282E+07 2.45298547184723E-02 1.89756188716815E+12 3.34883028360911E+04 1.66789223242022E+00
 9.04903082742540E-01 1.12860417096511E+07 2.40609973087465E-02 1.83744871947006E+12 3.34111776434065E+04 1.66794267113507E+00
 9.05959170029341E-01 1.12133529296386E+07 2.35991910518097E-02 1.77900527681274E+12 3.33347593001439E+04 1.66798139400154E+00
 9.07008438331607E-01 1.11407480319361E+07 2.31445149123269E-02 1.72217585989038E+12 3.32591423883533E+04 1.66801083106921E+00
 9.08050896300644E-01 1.10682692244463E+07 2.26967215041483E-02 1.66693722940764E+12 3.31842180595982E+04 1.66802640161853E+00
 9.09086556958962E-01 1.09959334799556E+07 2.22555032658631E-02 1.61323999914713E+12 3.31099480865985E+04 1.66802430193632E+00
 9.10115433701508E-01 1.09237658915880E+07 2.18211924112944E-02 1.56106134311237E+12 3.30365626483949E+04 1.66803016662514E+00
 9.11137541625845E-01 1.08516970546147E+07 2.13932854055290E-02 1.51034016563986E+12 3.29636350881643E+04 1.66801093119608E+00
 9.12152889935068E-01 1.07797823891427E+07 2.09719977928935E-02 1.46105333559916E+12 3.28915539816965E+04 1.66799098137895E+00
 9.13161493281644E-01 1.07079737395780E+07 2.05572305173955E-02 1.41317025305172E+12 3.28201561050137E+04 1.66796147541183E+00
 9.14163361761528E-01 1.06363279346147E+07 2.01488124576568E-02 1.36664825722476E+12 3.27495243326566E+04 1.66792922396282E+00
 9.15158510238465E-01 1.05647910835968E+07 1.97468334317515E-02 1.32145394012646E+12 3.26795066069118E+04 1.66788661058495E+00
 9.16146948914711E-01 1.04933792082102E+07 1.93508844897549E-02 1.27755504788812E+12 3.26101167233570E+04 1.66782225425565E+00
 9.17128690683280E-01 1.04221107007910E+07 1.89609370418064E-02 1.23492509161063E+12 3.25414219581361E+04 1.66775572535154E+00
 9.18103749640444E-01 1.03510312412021E+07 1.85771017974704E-02 1.19352556386049E+12 3.24734337484926E+04 1.66768835627316E+00
 9.19072143517401E-01 1.02800858374506E+07 1.81991568562601E-02 1.15332682523492E+12 3.24060804101738E+04 1.66760937388614E+00
 9.20033885083610E-01 1.02093378709546E+07 1.78271305809183E-02 1.11430126585148E+12 3.23393665975825E+04 1.66753696423378E+00
 9.20988992604537E-01 1.01387305405930E+07 1.74610077253088E-02 1.07641372088753E+12 3.22733050393394E+04 1.66747586956373E+00
 9.21937479517675E-01 1.00682922834075E+07 1.71007155600121E-02 1.03963833390586E+12 3.22078072138703E+04 1.66741795667839E+00
 9.22879362269347E-01 9.99804165500829E+06 1.67463024352149E-02 1.00395017550533E+12 3.21432207732008E+04 1.66738432043805E+00
 9.23814658034358E-01 9.92796255800283E+06 1.63973024063464E-02 9.69315185566201E+11 3.20790860767291E+04 1.66734753078080E+00
 9.24743382362138E-01 9.85803190643696E+06 1.60538502251769E-02 9.35706221796658E+11 3.20154987195982E+04 1.66731719063725E+00
 9.25665548793164E-01 9.78826463453738E+06 1.57158443355637E-02 9.03102812225172E+11 3.19525922383475E+04 1.66729117434059E+00
 9.26581171565924E-01 9.71862036267721E+06 1.53832841289284E-02 8.71475375616869E+11 3.18902876329336E+04 1.66726061949325E+00
 9.27490261810846E-01 9.64907222408196E+06 1.50560969348152E-02 8.40798469699330E+11 3.18285269431390E+04 1.66722597042349E+00
 9.28392828633698E-01 9.57967781990798E+06 1.47343978584870E-02 8.11050533213855E+11 3.17675283287498E+04 1.66719293071536E+00
 9.29288885320612E-01 9.51035584054866E+06 1.44179403417109E-02 7.82203576602801E+11 3.17070627902910E+04 1.66715528653141E+00
 9.30178439416444E-01 9.44111518418969E+06 1.41067351426221E-02 7.54235463300818E+11 3.16471901608201E+04 1.66711886320421E+00
 9.31061501805788E-01 9.37207984784174E+06 1.38005478223970E-02 7.27124913310669E+11 3.15878873232453E+04 1.66709744947842E+00
 9.31938092244287E-01 9.30326868130201E+06 1.34992505629790E-02 7.00847512000497E+11 3.15292175672334E+04 1.66708660125732E+00
 9.32808229961574E-01 9.23456423543340E+06 1.32028313479617E-02 6.75380973183503E+11 3.14710106749664E+04 1.66706963744307E+00
 9.33671923936662E-01 9.16602859533407E+06 1.29113960863653E-02 6.50704157098970E+11 3.14134954024044E+04 1.66705806616864E+00
 9.34529188666576E-01 9.09756523845421E+06 1.26247522292186E-02 6.26799914502092E+11 3.13565881521421E+04 1.66703602066703E+00
 9.35380028996559E-01 9.02919208859533E+06 1.23429882081385E-02 6.03644915915986E+11 3.13002658544224E+04 1.66699607214462E+00
 9.36224451694652E-01 8.96080410961222E+06 1.20658772826129E-02 5.81215112747156E+11 3.12443714793703E+04 1.66692083324677E+00
 9.37062454960103E-01 8.89244946643714E+06 1.17935531114801E-02 5.59498111063760E+11 3.11891292165139E+04 1.66682081248005E+00
 9.37894042936575E-01 8.82410014736166E+06 1.15258366878392E-02 5.38471850537508E+11 3.11342851325391E+04 1.66667978782146E+00
 9.38719218136969E-01 8.75585031510176E+06 1.12626637643056E-02 5.18119381309558E+11 3.10802618876822E+04 1.66651221115661E+00
 9.39537991867584E-01 8.68770948377953E+06 1.10036922302498E-02 4.98419552659772E+11 3.10265003620249E+04 1.66630829783747E+00
 9.40350375221816E-01 8.61973280917698E+06 1.07490764760469E-02 4.79358344286705E+11 3.09734828644547E+04 1.66609119091235E+00
 9.41156383317307E-01 8.55187393613889E+06 1.04987523266187E-02 4.60917037988486E+11 3.09209431468300E+04 1.66585789475970E+00
 9.41956027334419E-01 8.48414668442758E+06 1.02527037275487E-02 4.43079638893710E+11 3.08689671647477E+04 1.66561114227496E+00
 9.42749319521620E-01 8.41657882264034E+06 1.00109002341316E-02 4.25827773396648E+11 3.08175147498294E+04 1.66536096401603E+00
 9.43536273741937E-01 8.34909289827933E+06 9.77333887071238E-03 4.09147263979935E+11 3.07666296523423E+04 1.66510851629109E+00
 9.44316897723765E-01 8.28172316411726E+06 9.54001961327654E-03 3.93021113662956E+11 3.07162160495125E+04 1.66485225368684E+00
 9.45091202518892E-01 8.21447983122825E+06 9.31092313181088E-03 3.77433646780148E+11 3.06663301442243E+04 1.66460729361373E+00
 9.45859200956434E-01 8.14732154647700E+06 9.08594378197101E-03 3.62369039077012E+11 3.06168883132735E+04 1.66436571153301E+00
 9.46620903545755E-01 8.08040125168849E+06 8.86493532849939E-03 3.47814773602878E+11 3.05680668217236E+04 1.66414754622931E+00
 9.47376332997364E-01 8.01366787570596E+06 8.64778709983638E-03 3.33755062421517E+11 3.05196630818544E+04 1.66395477433307E+00
 9.48125504791087E-01 7.94710572077785E+06 8.43453311947752E-03 3.20175074134340E+11 3.04718335467318E+04 1.66376089834172E+00
 9.48868431057550E-01 7.88062178727668E+06 8.22520896449797E-03 3.07062994353304E+11 3.04246204317434E+04 1.66356142653483E+00
 9.49605116943047E-01 7.81408454228189E+06 8.01972074144046E-03 2.94402525366022E+11 3.03776361445733E+04 1.66332755468981E+00
 9.50335560067533E-01 7.74766023602294E+06 7.81811303901575E-03 2.82184558539324E+11 3.03313609504688E+04 1.66306535486285E+00
 9.51059772321042E-01 7.68136712288828E+06 7.62012835945896E-03 2.70394744125525E+11 3.02855776866381E+04 1.66279649571858E+00
 9.51777763663800E-01 7.61511656977681E+06 7.42575866313149E-03 2.59019036736073E+11 3.02401676411613E+04 1.66249379720148E+00
 9.52489536681343E-01 7.54886871557924E+06 7.23496483746721E-03 2.48047251482104E+11 3.01952253413292E+04 1.66214577046282E+00
 9.53195090403778E-01 7.48267011376032E+06 7.04779683902726E-03 2.37467755571633E+11 3.01509900126676E+04 1.66173240459695E+00
 9.53894428650094E-01 7.41636443423002E+06 6.86410983117660E-03 2.27268092990754E+11 3.01068722516055E+04 1.66123230641236E+00
 9.54587543303347E-01 7.35014905385861E+06 6.68388802012653E-03 2.17438524509684E+11 3.00635413988600E+04 1.66067102929747E+00
 9.55274445013368E-01 7.28394609801388E+06 6.50698088782219E-03 2.07966645423347E+11 3.00206046117891E+04 1.66004612849358E+00
 9.55955136543733E-01 7.21790172783355E+06 6.33347531031757E-03 1.98844187795943E+11 2.99782067598964E+04 1.65939897287291E+00
 9.56629633887497E-01 7.15193524914219E+06 6.16322147709520E-03 1.90057410408196E+11 2.99360619385993E+04 1.65871181160827E+00
 9.57297945288900E-01 7.08615828608481E+06 5.99623862143402E-03 1.81599100604808E+11 2.98945544526985E+04 1.65801479144994E+00
 9.57960089069176E-01 7.02050555462113E+06 5.83251220120605E-03 1.73457682640193E+11 2.98534427167172E+04 1.65729860366878E+00
 9.58616077295536E-01 6.95504325875039E+06 5.67195780312592E-03 1.65623925630397E+11 2.98127858511741E+04 1.65657151798591E+00
 9.59265926482097E-01 6.88973721246774E+06 5.51456531986067E-03 1.58088345338062E+11 2.97726142739730E+04 1.65583286234186E+00
 9.59909649507585E-01 6.82447707266228E+06 5.36035758764261E-03 1.50840819236467E+11 2.97329406837444E+04 1.65506276523232E+00
 9.60547251935967E-01 6.75936422503461E+06 5.20931556588111E-03 1.43873589305259E+11 2.96937735273666E+04 1.65428276282607E+00
 9.61178746980679E-01 6.69440962703109E+06 5.06132662644240E-03 1.37176984434141E+11 2.96549321656795E+04 1.65350834826220E+00
 9.61804143417816E-01 6.62944298404578E+06 4.91639508945459E-03 1.30742541283559E+11 2.96165113675810E+04 1.65265945113275E+00
 9.62423435877604E-01 6.56428148561979E+06 4.77450864439284E-03 1.24561872443853E+11 2.95786076776120E+04 1.65164260694800E+00
 9.63036608216356E-01 6.49909592478050E+06 4.63550206964400E-03 1.18627381178114E+11 2.95410691409211E+04 1.65051303495925E+00
 9.63643658814894E-01 6.43390455630174E+06 4.49939486007639E-03 1.12931054498996E+11 2.95040844811043E+04 1.64925785817075E+00
 9.64244584470862E-01 6.36856090423881E+06 4.36615786357715E-03 1.07465304418189E+11 2.94674274079348E+04 1.64783204347156E+00
 9.64839371979519E-01 6.30311460940426E+06 4.23569799789940E-03 1.02222543508182E+11 2.94312662660742E+04 1.64621932185740E+00
 9.65428015514214E-01 6.23769954659028E+06 4.10794214114005E-03 9.71962289476642E+10 2.93955454307875E+04 1.64446462775529E+00
 9.66010520903587E-01 6.17232200522754E+06 3.98288463965606E-03 9.23783378362915E+10 2.93600910899055E+04 1.64258007094715E+00
 9.66586893537352E-01 6.10708333258611E+06 3.86054929290589E-03 8.77632460594770E+10 2.93253410448336E+04 1.64060540147985E+00
 9.67157147621089E-01 6.04193301958050E+06 3.74078724553396E-03 8.33429416676904E+10 2.92909168418905E+04 1.63850059883942E+00
 9.67721293955595E-01 5.97697138589402E+06 3.62358934277303E-03 7.91114400321376E+10 2.92570161281838E+04 1.63630278939000E+00
 9.68279352913692E-01 5.91225785591026E+06 3.50894753272097E-03 7.50616270434265E+10 2.92233409618076E+04 1.63404618597489E+00
 9.68831349465016E-01 5.84780113945237E+06 3.39684682932272E-03 7.11876638093559E+10 2.91901369764345E+04 1.63176746241244E+00
 9.69377309142757E-01 5.78366721751200E+06 3.28720604940753E-03 6.74833972169556E+10 2.91573455100999E+04 1.62943331709764E+00
 9.69917261942440E-01 5.71983633931019E+06 3.17998816943583E-03 6.39426107818144E+10 2.91249489392351E+04 1.62705879279738E+00
 9.70451231973285E-01 5.65625903139143E+06 3.07528506570159E-03 6.05599273727350E+10 2.90931956467395E+04 1.62463705922595E+00
 9.70979237746927E-01 5.59268940133693E+06 2.97309817970931E-03 5.73286758237089E+10 2.90615015472127E+04 1.62210347556960E+00
 9.71501279244865E-01 5.52921873394244E+06 2.87334604644116E-03 5.42439896383043E+10 2.90303171523560E+04 1.61943576455466E+00
 9.72017365691206E-01 5.46584045300817E+06 2.77602558836050E-03 5.13008550732503E+10 2.89997139052016E+04 1.61664050283959E+00
 9.72527504453449E-01 5.40247515619533E+06 2.68107802954988E-03 4.84933274752193E+10 2.89694276822167E+04 1.61365759915242E+00
 9.73031701041539E-01 5.33917649932921E+06 2.58841573492816E-03 4.58164313074353E+10 2.89392568130250E+04 1.61051055672998E+00
 9.73529968114161E-01 5.27627263044648E+06 2.49804421220198E-03 4.32659829317539E+10 2.89098056780816E+04 1.60733911651100E+00
 9.74022344596559E-01 5.21359843344809E+06 2.40987722991385E-03 4.08364422496861E+10 2.88807129863616E+04 1.60406956450820E+00
 9.74508857367951E-01 5.15132164849122E+06 2.32387590540665E-03 3.85232757313356E+10 2.88519387044181E+04 1.60076342617076E+00
 9.74989549425192E-01 5.08971193794596E+06 2.24002500293141E-03 3.63221021074139E+10 2.88235841145991E+04 1.59759933604683E+00
 9.75464484602259E-01 5.02855122188937E+06 2.15826428112387E-03 3.42281173080346E+10 2.87955793044285E+04 1.59443946037434E+00
 9.75933711041795E-01 4.96811320901781E+06 2.07858901183811E-03 3.22372360119723E+10 2.87679912418157E+04 1.59143906635800E+00
 9.76397301838866E-01 4.90856497025379E+06 2.00096814128719E-03 3.03449939955932E+10 2.87405440905353E+04 1.58877524353048E+00
 9.76855339981247E-01 4.84975359631091E+06 1.92539779750732E-03 2.85474285636758E+10 2.87136633707563E+04 1.58633116618266E+00
 9.77307893072327E-01 4.79177618341062E+06 1.85185707625783E-03 2.68404523933363E+10 2.86872259124770E+04 1.58420392288024E+00
 9.77755034997189E-01 4.73445573324817E+06 1.78033229345163E-03 2.52200967892537E+10 2.86610009006643E+04 1.58232255350671E+00
 9.78196821403414E-01 4.67768203798155E+06 1.71084998075303E-03 2.36827688079362E+10 2.86351848554786E+04 1.58067191255500E+00
 9.78633302048092E-01 4.62133839236379E+06 1.64340984348515E-03 2.22247100640230E+10 2.86096928286352E+04 1.57924051787871E+00
 9.79064521314072E-01 4.56562942608733E+06 1.57797169318830E-03 2.08425332940049E+10 2.85845175528398E+04 1.57816094316377E+00
 9.79490540476437E-01 4.51059725231632E+06 1.51445883699761E-03 1.95328151083920E+10 2.85596058699617E+04 1.57747235912677E+00
 9.79911476220821E-01 4.45609785322453E+06 1.45293288430781E-03 1.82922186811839E+10 2.85354301952336E+04 1.57720932963940E+00
 9.80327443842434E-01 4.40681288413453E+06 1.39049483259261E-03 1.71185208197180E+10 2.84900281102718E+04 1.57744346076678E+00
 9.80738890649349E-01 4.35908972340921E+06 1.32970561384575E-03 1.60100446979632E+10 2.84344356042605E+04 1.57817003735088E+00
 9.81145902320988E-01 4.31214561800940E+06 1.27103195859656E-03 1.49637776207589E+10 2.83760934136688E+04 1.57943399083329E+00
 9.81548537272951E-01 4.26592108087296E+06 1.21441010660463E-03 1.39767137969581E+10 2.83162757225987E+04 1.58120762863341E+00
 9.81946851299298E-01 4.22005876417579E+06 1.15979393659637E-03 1.30459527298998E+10 2.82556699094335E+04 1.58321883836516E+00
 9.82340872984390E-01 4.17433999994079E+06 1.10711708557880E-03 1.21687136473563E+10 2.81943442005759E+04 1.58534466596010E+00
 9.82730617465687E-01 4.12908684353519E+06 1.05633511923731E-03 1.13423946477598E+10 2.81327318823869E+04 1.58782840992021E+00
 9.83116123211402E-01 4.08401176718356E+06 1.00738376359711E-03 1.05644932337933E+10 2.80708771292536E+04 1.59045351083052E+00
 9.83497398148868E-01 4.03893713491938E+06 9.60224579055256E-04 9.83252782652581E+09 2.80089656556946E+04 1.59309419382554E+00
 9.83874433953492E-01 3.99375517164606E+06 9.14806850657762E-04 9.14430928373311E+09 2.79470535580490E+04 1.59566228657795E+00
 9.84247209967468E-01 3.94815100567364E+06 8.71080653376867E-04 8.49758923304297E+09 2.78851997658391E+04 1.59790450742523E+00
 9.84615679747953E-01 3.90196704271646E+06 8.29014317925510E-04 7.89048576493726E+09 2.78236564130612E+04 1.59965506012159E+00
 9.84979784234521E-01 3.85524868326993E+06 7.88557130484267E-04 7.32089730015327E+09 2.77622040807586E+04 1.60093204536678E+00
 9.85339466471702E-01 3.80767167739701E+06 7.49677163299856E-04 6.78702421305579E+09 2.77012438515848E+04 1.60145311117694E+00
 9.85694641968435E-01 3.75926826988117E+06 7.12333420566090E-04 6.28706079568467E+09 2.76405132356581E+04 1.60118717450764E+00
 9.86045228546006E-01 3.70996165732126E+06 6.76493071753990E-04 5.81930409811974E+09 2.75801639504635E+04 1.60002951592717E+00
 9.86391135067502E-01 3.65949143851545E+06 6.42111905705568E-04 5.38205233697705E+09 2.75202898467519E+04 1.59773575265275E+00
 9.86732253051664E-01 3.60791731233619E+06 6.09160368270053E-04 4.97376698893049E+09 2.74610553330387E+04 1.59425638959003E+00
 9.87068484213197E-01 3.55543300847295E+06 5.77601661975515E-04 4.59289994440880E+09 2.74022438311630E+04 1.58973248104296E+00
 9.87399745931618E-01 3.50204587938450E+06 5.47398702700074E-04 4.23795865342198E+09 2.73441291475351E+04 1.58413101850483E+00
 9.87725954052888E-01 3.44779387426197E+06 5.18509253909851E-04 3.90746548910588E+09 2.72864473830564E+04 1.57741059889813E+00
 9.88047030690880E-01 3.39264593212598E+06 4.90903580308631E-04 3.60008490034211E+09 2.72295463496733E+04 1.56950498595915E+00
 9.88362900776935E-01 3.33690205860091E+06 4.64540175899711E-04 3.31443807748378E+09 2.71734396557566E+04 1.56063323818260E+00
 9.88673515901145E-01 3.28075057049641E+06 4.39379100485220E-04 3.04926176925499E+09 2.71180873992727E+04 1.55092506181631E+00
 9.88978843015469E-01 3.22416381246082E+06 4.15379509232729E-04 2.80325307638978E+09 2.70634068162606E+04 1.54033977797150E+00
 9.89278848754276E-01 3.16745072230008E+06 3.92502507089076E-04 2.57524334769149E+09 2.70094518644392E+04 1.52913110053273E+00
 9.89573558992945E-01 3.11064314070731E+06 3.70706430442085E-04 2.36407834779109E+09 2.69563357462866E+04 1.51729462121238E+00
 9.89863121475134E-01 3.05649365502184E+06 3.49941279437225E-04 2.16855086768683E+09 2.69040171151239E+04 1.50755265723050E+00
 9.90147873104682E-01 3.01253173008094E+06 3.30143780296968E-04 1.98744050639619E+09 2.68522894726196E+04 1.50755424883365E+00
 9.90428615774736E-01 2.96863814361167E+06 3.11228568784908E-04 1.81936891172995E+09 2.68012640365123E+04 1.50755846682255E+00
 9.90705241577280E-01 2.92481985043706E+06 2.93171800151598E-04 1.66360000984122E+09 2.67507127447771E+04 1.50755099612985E+00
 9.90977757773610E-01 2.88108913629761E+06 2.75946378463302E-04 1.51937883087290E+09 2.67008978958963E+04 1.50755419278313E+00
 9.91246172463156E-01 2.83744853965038E+06 2.59521677293827E-04 1.38597529784715E+09 2.66516872897222E+04 1.50755421116345E+00
 9.91510493821679E-01 2.79387147285846E+06 2.43871313191187E-04 1.26270226241969E+09 2.66031462311258E+04 1.50755405998021E+00
 9.91770727899309E-01 2.75038440186836E+06 2.28967068748841E-04 1.14891267108542E+09 2.65552863020132E+04 1.50755912566559E+00
 9.92026883140152E-01 2.70696757801231E+06 2.14781889443733E-04 1.04398108783553E+09 2.65079433185325E+04 1.50755272098652E+00
 9.92278966098144E-01 2.66363486575720E+06 2.01291294703513E-04 9.47332518630886E+08 2.64613717250343E+04 1.50755336633172E+00
 9.92526984633450E-01 2.62037436085212E+06 1.88469227333663E-04 8.58409933048151E+08 2.64153687691297E+04 1.50755063660169E+00
 9.92770945436000E-01 2.57719369978490E+06 1.76291151381515E-04 7.76695663623465E+08 2.63701187520771E+04 1.50755641469201E+00
 9.93010855796206E-01 2.53408187401814E+06 1.64733182386870E-04 7.01694781273291E+08 2.63255151885958E+04 1.50755546138590E+00
 9.93246722167282E-01 2.49103662379623E+06 1.53771867533378E-04 6.32944572458677E+08 2.62815431438986E+04 1.50755388166708E+00
 9.93478550965838E-01 2.44807221790838E+06 1.43384606339586E-04 5.70003859911132E+08 2.62382215241749E+04 1.50755233426626E+00
 9.93706349696661E-01 2.40517682082276E+06 1.33549040931957E-04 5.12461628815363E+08 2.61955761879074E+04 1.50755331930286E+00
 9.93930124631549E-01 2.36235363063739E+06 1.24244225706598E-04 4.59929387840170E+08 2.61537599948129E+04 1.50755668362154E+00
 9.94149882437739E-01 2.31959060219075E+06 1.15448465291085E-04 4.12037748818149E+08 2.61125433291833E+04 1.50755662821877E+00
 9.94365628721861E-01 2.27689957492249E+06 1.07141720623237E-04 3.68443217986365E+08 2.60720266105827E+04 1.50756009469455E+00
 9.94577370287904E-01 2.23426532458237E+06 9.93034912597597E-05 3.28822345770702E+08 2.60321286902329E+04 1.50755441467221E+00
 9.94785112405931E-01 2.19171078765656E+06 9.19154051894440E-05 2.92873328515839E+08 2.59929256371320E+04 1.50755684767804E+00
 9.94988862400753E-01 2.14920054816048E+06 8.49579594046782E-05 2.60307643239386E+08 2.59545244796103E+04 1.50755383493851E+00
 9.95188624531955E-01 2.10677016082677E+06 7.84134439104573E-05 2.30861031875867E+08 2.59167375899595E+04 1.50755639653625E+00
 9.95384406235985E-01 2.06439148658653E+06 7.22633864294581E-05 2.04281541525410E+08 2.58797113430962E+04 1.50755772501442E+00
 9.95576212293273E-01 2.02208226735018E+06 6.64912715920913E-05 1.80338094468735E+08 2.58434128233285E+04 1.50755752083709E+00
 9.95764048968196E-01 1.97982807241825E+06 6.10797846560357E-05 1.58809349748618E+08 2.58078581977985E+04 1.50755982552060E+00
 9.95947921269878E-01 1.93762025968833E+06 5.60124332930251E-05 1.39492013779745E+08 2.57728649373102E+04 1.50755454961770E+00
 9.96127833868555E-01 1.89547654639411E+06 5.12740576596789E-05 1.22197894853397E+08 2.57386861140385E+04 1.50755579354226E+00
 9.96303792748120E-01 1.85339695587896E+06 4.68489859051194E-05 1.06748550867399E+08 2.57051888758689E+04 1.50755719091624E+00
 9.96475803672193E-01 1.81136311663939E+06 4.27221395527678E-05 9.29801821783112E+07 2.56723257281960E+04 1.50755274892924E+00
 9.96643870794454E-01 1.76939049665009E+06 3.88794556866310E-05 8.07402881233410E+07 2.56404103857476E+04 1.50755890940337E+00
 9.96807999736911E-01 1.72745471708603E+06 3.53065552075777E-05 6.98869118669424E+07 2.56090095465439E+04 1.50755508395662E+00
 9.96968194014116E-01 1.68557974497271E+06 3.19900942539109E-05 6.02892994957668E+07 2.55783836895906E+04 1.50755661600405E+00
 9.97124459434339E-01 1.64374629869313E+06 2.89167195824172E-05 5.18260428927029E+07 2.55484848368566E+04 1.50755161974633E+00
 9.97276799794184E-01 1.60197961489589E+06 2.60739475543585E-05 4.43859887719123E+07 2.55194666748135E+04 1.50756046095571E+00
 9.97425220990353E-01 1.56024066706827E+06 2.34491713251879E-05 3.78651512890332E+07 2.54909026756406E+04 1.50755396759214E+00
 9.97569725751054E-01 1.51855298019783E+06 2.10306630840138E-05 3.21694477135290E+07 2.54632707187484E+04 1.50755111984776E+00
 9.97710318986238E-01 1.47691734656560E+06 1.88068917882671E-05 2.72117453863986E+07 2.54362566057864E+04 1.50755493965471E+00
 9.97847005305945E-01 1.43532052100175E+06 1.67665364666355E-05 2.29123100635404E+07 2.54098938768732E+04 1.50754933604928E+00
 9.97979788340214E-01 1.39376604994694E+06 1.48989870218628E-05 1.91984255528556E+07 2.53844368867614E+04 1.50755085401430E+00
 9.98108671994147E-01 1.35225956118942E+06 1.31939595257278E-05 1.60036656847716E+07 2.53597764469914E+04 1.50756020225185E+00
 9.98233660645978E-01 1.31078269138129E+06 1.16411418675357E-05 1.32673515547213E+07 2.53357243920223E+04 1.50755366672560E+00
 9.98354756993088E-01 1.26935445892036E+06 1.02311729789837E-05 1.09349203372108E+07 2.53125052379922E+04 1.50755899553424E+00
 9.98471965435426E-01 1.22795265484344E+06 8.95457997968478E-06 8.95648119509629E+06 2.52898268290453E+04 1.50755403115582E+00
 9.98585288537679E-01 1.18659728315025E+06 7.80253051382707E-06 7.28733189192445E+06 2.52680318984956E+04 1.50755542980638E+00
 9.98694730581612E-01 1.14527268869987E+06 6.76638155032469E-06 5.88711086770197E+06 2.52469500018358E+04 1.50755858717570E+00
 9.98800294280066E-01 1.10398581991933E+06 5.83791883348946E-06 4.71966561718817E+06 2.52265761291844E+04 1.50755591229142E+00
 9.98901983140923E-01 1.06272787287425E+06 5.00922865999934E-06 3.75270038318402E+06 2.52069779792808E+04 1.50755573304003E+00
 9.98999799769648E-01 1.02151040484207E+06 4.27275210809467E-06 2.95743870185379E+06 2.51881819783396E+04 1.50756135326793E+00
 9.99093747735188E-01 9.80313526375180E+05 3.62118775811413E-06 2.30837400847128E+06 2.51699884447600E+04 1.50755698728861E+00
 9.99183828936657E-01 9.39150906785636E+05 3.04765255048157E-06 1.78304346729290E+06 2.51526421661242E+04 1.50755678799781E+00
 9.99270046497017E-01 8.98015114113639E+05 2.54552351957225E-06 1.36166927843320E+06 2.51360467037847E+04 1.50755213282350E+00
 9.99352402803723E-01 8.56906629120410E+05 2.10853511067308E-06 1.02701119875039E+06 2.51201066829676E+04 1.50755604192569E+00
 9.99430900363603E-01 8.15826457631564E+05 1.73068105078562E-06 7.64083964762367E+05 2.51049620755473E+04 1.50755710788427E+00
 9.99505541625867E-01 7.74774746465596E+05 1.40631085392195E-06 5.59959173933093E+05 2.50906930432685E+04 1.50756150444984E+00
 9.99576329008167E-01 7.33741437469003E+05 1.13003621078810E-06 4.03555630820038E+05 2.50768566715917E+04 1.50755405609258E+00
 9.99643264107905E-01 6.92734305154891E+05 8.96796561621699E-07 2.85464758022746E+05 2.50638876662353E+04 1.50755679703256E+00
 9.99706349047541E-01 6.51747456646770E+05 7.01823842072937E-07 1.97749546238650E+05 2.50515901935616E+04 1.50755301784357E+00
 9.99765779568675E-01 6.10646982761179E+05 5.40145820563852E-07 1.33603299911580E+05 2.50398320941123E+04 1.50755390909294E+00
 9.99822039266382E-01 5.84367191905175E+05 3.87251498640900E-07 8.77187623855224E+04 2.50328152259857E+04 1.50755222018577E+00
 9.99876832061073E-01 5.84365822683105E+05 2.54085214254790E-07 5.75544290022980E+04 2.50312800534571E+04 1.50755160192339E+00
 9.99932202429379E-01 6.03670695190683E+05 1.65973668916923E-07 3.75957577062206E+04 2.50316140262027E+04 1.60879937737866E+00
 9.99989230472052E-01 6.08373865134728E+05 1.07043729904997E-07 2.42471507020085E+04 2.50332609628802E+04 1.63396734543444E+00
 1.00004642171507E+00 6.09394906670722E+05 6.89471188639674E-08 1.56176617167694E+04 2.50539881364515E+04 1.63945086719235E+00
 1.00010364501727E+00 6.09515367879051E+05 4.44015232352751E-08 1.00576497610874E+04 2.50543850081059E+04 1.64009488705010E+00
 1.00016086930121E+00 6.09559362272412E+05 2.85939753375701E-08 6.47698332334931E+03 2.50533646827756E+04 1.64034093750101E+00
 1.00021810667536E+00 6.09739983919263E+05 1.84117791816806E-08 4.17056619772121E+03 2.50518859608192E+04 1.64130901320942E+00
 1.00027537271724E+00 6.10469181788422E+05 1.18525347469402E-08 2.68479233939972E+03 2.50502797667185E+04 1.64523976935535E+00
 1.00033270502468E+00 6.10979345329103E+05 7.62681801533790E-09 1.72759661977240E+03 2.50495908637410E+04 1.64798539105198E+00
 1.00039007471458E+00 6.11209728408838E+05 4.90568041589556E-09 1.11121565706234E+03 2.50492093963526E+04 1.64923358890858E+00
 1.00044746227961E+00 6.11320408461706E+05 3.15529766556965E-09 7.14725076307234E+02 2.50491347604011E+04 1.64982252028799E+00
 1.00050485775441E+00 6.11623515155226E+05 2.02930477321847E-09 4.59669852512370E+02 2.50486730050160E+04 1.65146344983754E+00
 1.00056226797836E+00 6.11456103436227E+05 1.30486582884353E-09 2.95573516310317E+02 2.50482360652527E+04 1.65055672297283E+00
 1.00061964564222E+00 6.10879651733696E+05 8.39320704773473E-10 1.90119550104566E+02 2.50475832443889E+04 1.64744854554416E+00
 1.00067696344909E+00 6.10152570929055E+05 5.40111312638129E-10 1.22344367912102E+02 2.50465604255235E+04 1.64352338406855E+00
 1.00073422232289E+00 6.09628077812807E+05 3.69404737062749E-10 8.36762207691074E+01 2.49983173633004E+04 1.64070540547488E+00
 1.00079144654742E+00 6.09628248696559E+05 2.37898341975936E-10 5.38878104613391E+01 2.49983280435350E+04 1.64070605734466E+00
 1.00084867681588E+00 6.09628217675628E+05 1.53190207121303E-10 3.47000510063089E+01 2.49983261047267E+04 1.64070593900920E+00
 1.00090590707661E+00 6.09628145363349E+05 9.86434977173178E-11 2.23443708754599E+01 2.49983215852093E+04 1.64070566315975E+00
 1.00096313733354E+00 6.09628031759922E+05 6.35196727806427E-11 1.43882200806652E+01 2.49983144849951E+04 1.64070522979706E+00
 1.00102036758450E+00 6.09628242130451E+05 4.09049915166030E-11 9.26564604590721E+00 2.49983276331532E+04 1.64070603229695E+00
 1.00107759785136E+00 6.09628195991646E+05 2.63399115873966E-11 5.96642073206365E+00 2.49983247494779E+04 1.64070585629137E+00
 1.00113482811321E+00 6.09628108561473E+05 1.69610585883253E-11 3.84195238381846E+00 2.49983192850920E+04 1.64070552277173E+00
 1.00119205837034E+00 6.09627979840198E+05 1.09217749770713E-11 2.47394972168690E+00 2.49983112400124E+04 1.64070503173904E+00
 1.00124928861365E+00 6.09628230029439E+05 7.03332848152802E-12 1.59316157512715E+00 2.49983268768400E+04 1.64070598613525E+00
 1.00130651887605E+00 6.09628168773042E+05 4.52896870384123E-12 1.02588509505454E+00 2.49983230483151E+04 1.64070575246064E+00
 1.00136374913526E+00 6.09628066225379E+05 2.91633198083069E-12 6.60597444539752E-01 2.49983166390862E+04 1.64070536127235E+00
 1.00142097938897E+00 6.09628247476107E+05 1.87804601160189E-12 4.25407610834671E-01 2.49983279672567E+04 1.64070605268901E+00
 1.00147820965657E+00 6.09628212393132E+05 1.20933193235734E-12 2.73933139076671E-01 2.49983257745707E+04 1.64070591885808E+00
 1.00153543991665E+00 6.09628136018847E+05 7.78724438979228E-13 1.76393215403574E-01 2.49983210011779E+04 1.64070562751330E+00
 1.00159267017270E+00 6.09628018353459E+05 5.01443521753521E-13 1.13585023564231E-01 2.49983136470912E+04 1.64070517865547E+00
 1.00164990042250E+00 6.09628239422823E+05 3.22917326446231E-13 7.31460064715507E-02 2.49983274639264E+04 1.64070602196817E+00
 1.00170713068971E+00 6.09628189222011E+05 2.07935785629736E-13 4.71007789557158E-02 2.49983243263757E+04 1.64070583046726E+00
