8.032887640525280259e-01 1.742709418692050129e+07 8.883830346465730610e-02 -1.228205575166340345e-03 1.620613839700680078e+13 4.205200230191150331e+04 1.664828594568779963e+00
8.049204959740070553e-01 1.733601144507719949e+07 8.744788269508639578e-02 -1.219285067496406324e-03 1.578603877864690039e+13 4.188991989110659779e+04 1.664847588780429932e+00
8.065436942039859725e-01 1.724535504669829831e+07 8.607714199075920669e-02 -1.207404039519774852e-03 1.537632538814450000e+13 4.172980144571680285e+04 1.664871958712599964e+00
8.081583983146150008e-01 1.715503084179560095e+07 8.472641171229060297e-02 -1.196635439205984879e-03 1.497658333793359961e+13 4.157119817941600195e+04 1.664898574380019980e+00
8.097646393654790442e-01 1.706501919696019962e+07 8.339457575481269702e-02 -1.185846718514736156e-03 1.458668213760969922e+13 4.141418877682089806e+04 1.664923184771160081e+00
8.113624477443660554e-01 1.697544069267860055e+07 8.208192462264160549e-02 -1.175111657332052022e-03 1.420644045306380078e+13 4.125902410495780350e+04 1.664964116201580024e+00
8.129518632199790318e-01 1.688616305849200115e+07 8.078789025958940662e-02 -1.164216188384284553e-03 1.383547289327030078e+13 4.110536278000949824e+04 1.664994474178250083e+00
8.145329127986760120e-01 1.679725589115950093e+07 7.951257160117079781e-02 -1.154149041604670377e-03 1.347368712357109961e+13 4.095336186328349868e+04 1.665041559679069971e+00
8.161056317878360167e-01 1.670860558660610020e+07 7.825483648276780613e-02 -1.143280810053135454e-03 1.312075942020050000e+13 4.080283587326460110e+04 1.665080652169590003e+00
8.176700445414539775e-01 1.662041476734239981e+07 7.701611759885619579e-02 -1.132831528448359449e-03 1.277656152808369922e+13 4.065415339323280205e+04 1.665135636960940024e+00
8.192261919095229494e-01 1.653241195547699928e+07 7.579403884029049798e-02 -1.123348887541825115e-03 1.244075420198609961e+13 4.050656763957769726e+04 1.665175957472460055e+00
8.207740921125880051e-01 1.644474570844030008e+07 7.458976424050410559e-02 -1.112524965215940962e-03 1.211327736097880078e+13 4.036081559685299726e+04 1.665226966656099927e+00
8.223137776802850185e-01 1.635743457215940021e+07 7.340271584576940622e-02 -1.103063429629231760e-03 1.179385371215500000e+13 4.021636827788389928e+04 1.665273988646480019e+00
8.238452820450690162e-01 1.627037508560949937e+07 7.223209844942660163e-02 -1.093165526280355125e-03 1.148224667194069922e+13 4.007338827123580268e+04 1.665328136658829949e+00
8.253686294515040212e-01 1.618376290782739967e+07 7.107844330342150130e-02 -1.083289617600120868e-03 1.117843785561830078e+13 3.993216179326389829e+04 1.665384470979160092e+00
8.268838594111119766e-01 1.609736262403609976e+07 6.994087840850650439e-02 -1.073993055165933536e-03 1.088206989027840039e+13 3.979208833304209838e+04 1.665439498876879920e+00
8.283909912826690203e-01 1.601124142291899957e+07 6.881937450119360311e-02 -1.064325307760481459e-03 1.059301270478850000e+13 3.965343489288529963e+04 1.665496318169930046e+00
8.298900529894760458e-01 1.592545105138129927e+07 6.771402922410919845e-02 -1.054528335976389610e-03 1.031109578703750000e+13 3.951635441287660069e+04 1.665550476178069950e+00
8.313810747602430329e-01 1.583996852740010060e+07 6.662452074186550610e-02 -1.045465649600784384e-03 1.003616555036700000e+13 3.938055017221909657e+04 1.665609983132450012e+00
8.328640844489949568e-01 1.575471886285690032e+07 6.554999479527359729e-02 -1.036408291256819608e-03 9.768010029834279297e+12 3.924612297804569971e+04 1.665669030909550097e+00
8.343391058517030112e-01 1.566978528747010045e+07 6.449091192268059658e-02 -1.026990881421205965e-03 9.506522104833880859e+12 3.911299680278619780e+04 1.665729998860530081e+00
8.358061697152270320e-01 1.558523917029450089e+07 6.344682103387060124e-02 -1.018137252154972371e-03 9.251526605654539062e+12 3.898139293683989672e+04 1.665800608085379997e+00
8.372653104944790536e-01 1.550094776478780061e+07 6.241734312232780080e-02 -1.009270135362630655e-03 9.002870735858050781e+12 3.885094475075860100e+04 1.665872104591439973e+00
8.387165511279860430e-01 1.541694318331949972e+07 6.140249015339060285e-02 -1.000218196938377482e-03 8.760367213359650391e+12 3.872187392036260280e+04 1.665949264031989951e+00
8.401599177278910036e-01 1.533320938323500007e+07 6.040203571705560215e-02 -9.917530106560083596e-04 8.523884420625290039e+12 3.859410910430479998e+04 1.666015343950600025e+00
8.415954352792539561e-01 1.524967815002840012e+07 5.941547637972600243e-02 -9.828446254185085103e-04 8.293260585427830078e+12 3.846752491900740279e+04 1.666080512941060077e+00
8.430231231320880481e-01 1.516646413223229907e+07 5.844342395773040322e-02 -9.739569036641915417e-04 8.068415204472339844e+12 3.834234316172319814e+04 1.666147804986289893e+00
8.444430096881410108e-01 1.508343430365790054e+07 5.748494880399949991e-02 -9.657096938796500604e-04 7.849183134118500000e+12 3.821816432832369901e+04 1.666208085095600033e+00
8.458551120920769772e-01 1.500062471279959939e+07 5.654001993185289732e-02 -9.572806954979137329e-04 7.635397670845230469e+12 3.809539848330940004e+04 1.666261080541719952e+00
8.472594523731169502e-01 1.491808141739879921e+07 5.560841524987440027e-02 -9.489202293434666506e-04 7.426968019927519531e+12 3.797375908353750128e+04 1.666310599384319913e+00
8.486560562109649597e-01 1.483579188000069931e+07 5.469017384472450033e-02 -9.404736132062551345e-04 7.223731540684280273e+12 3.785333069000679825e+04 1.666360107191120044e+00
8.500449467740970322e-01 1.475379343706960045e+07 5.378498985427720286e-02 -9.323743113833505560e-04 7.025633777095150391e+12 3.773424302199939848e+04 1.666416005843150083e+00
8.514261501122589726e-01 1.467196890849019960e+07 5.289261918015999986e-02 -9.241446986119588713e-04 6.832466038717809570e+12 3.761608528258890146e+04 1.666461018517920056e+00
8.527996833621750428e-01 1.459040693001160026e+07 5.201307218692410167e-02 -9.160697752202302813e-04 6.644184316746049805e+12 3.749924691478430032e+04 1.666511120386910072e+00
8.541655718229409500e-01 1.450911427857100032e+07 5.114603541660060065e-02 -9.079237246358333674e-04 6.460611308438639648e+12 3.738358152009380137e+04 1.666558349361219937e+00
8.555238387169129544e-01 1.442804590430540033e+07 5.029148522469620297e-02 -9.002089053060305509e-04 6.281672691647790039e+12 3.726898090563870210e+04 1.666605894915250019e+00
8.568745054159460084e-01 1.434711061172180064e+07 4.944886046075280123e-02 -8.922183290194262480e-04 6.107220327615950195e+12 3.715541101005420205e+04 1.666646016084109894e+00
8.582175867984269679e-01 1.426656060770709999e+07 4.861874478354830109e-02 -8.841455713625166789e-04 5.937215689035799805e+12 3.704319273280789639e+04 1.666701997573269978e+00
8.595531171110040169e-01 1.418618500144859962e+07 4.780017366544730278e-02 -8.771271761984047229e-04 5.771504027060769531e+12 3.693194502350920084e+04 1.666752772649729986e+00
8.608811124223869626e-01 1.410599406846069917e+07 4.699294473047879728e-02 -8.694527708413946716e-04 5.609963243689299805e+12 3.682157237773230008e+04 1.666795359854279956e+00
8.622015922674379773e-01 1.402614792227759957e+07 4.619743567665900164e-02 -8.618872261713591849e-04 5.452538604639169922e+12 3.671256843347029644e+04 1.666840922601670050e+00
8.635145881404520107e-01 1.394650381107280031e+07 4.541306637570580174e-02 -8.546906335724169333e-04 5.299114315798700195e+12 3.660460040233579639e+04 1.666892746483229937e+00
8.648201180130350441e-01 1.386711527829360031e+07 4.463990500474000062e-02 -8.470935515171802753e-04 5.149600140936580078e+12 3.649760060200320004e+04 1.666941577264299923e+00
8.661182048668979450e-01 1.378793147623440064e+07 4.387788885894330221e-02 -8.399187555911595635e-04 5.003898724393179688e+12 3.639167588789699948e+04 1.666989978884440005e+00
8.674088677075050269e-01 1.370891585765790008e+07 4.312658365172580138e-02 -8.326809317348148748e-04 4.861892910446900391e+12 3.628657668881249992e+04 1.667036328573050064e+00
8.686921237256129968e-01 1.363017269432000071e+07 4.238631069162279719e-02 -8.250673022695996159e-04 4.723548808453440430e+12 3.618267511786350224e+04 1.667087362855709909e+00
8.699679970832969733e-01 1.355164885227810033e+07 4.165674183568929961e-02 -8.182632979530624594e-04 4.588744897967110352e+12 3.607983131789920299e+04 1.667140829397490087e+00
8.712365074557479883e-01 1.347322855662859976e+07 4.093740145688889998e-02 -8.110223130284859461e-04 4.457401137755709961e+12 3.597778700407739962e+04 1.667182859562579944e+00
8.724976660062170319e-01 1.339511676228019968e+07 4.022880645286559809e-02 -8.038189654743892187e-04 4.329456061332060059e+12 3.587694354293490323e+04 1.667228749848040037e+00
8.737515009384340114e-01 1.331714095426700078e+07 3.953006069708560333e-02 -7.975613205012406894e-04 4.204770721556479980e+12 3.577690886134510220e+04 1.667269578546000108e+00
8.749980260986559566e-01 1.323937980774560012e+07 3.884114572041730273e-02 -7.903957081519335202e-04 4.083329197916720215e+12 3.567785618934909871e+04 1.667307697301789959e+00
8.762372624086739448e-01 1.316193662708380073e+07 3.816247626328749670e-02 -7.836168074262052146e-04 3.965043484656979980e+12 3.557989419274320244e+04 1.667345731704169998e+00
8.774692371138029801e-01 1.308459425017979927e+07 3.749323097215249978e-02 -7.772313381410825978e-04 3.849800004380109863e+12 3.548271190042509988e+04 1.667381934575270064e+00
8.786939599407650459e-01 1.300746361305480078e+07 3.683365226078490207e-02 -7.704115186681266027e-04 3.737561308060149902e+12 3.538639318740669842e+04 1.667409159908890048e+00
8.799114518203059454e-01 1.293055859820909984e+07 3.618372314265769912e-02 -7.635072431724323518e-04 3.628247609808120117e+12 3.529114375087869848e+04 1.667443175792880039e+00
8.811217325835749570e-01 1.285383223745580018e+07 3.554336463685790065e-02 -7.571395174907492431e-04 3.521805342472069824e+12 3.519692101623109920e+04 1.667468653116729982e+00
8.823248187933999676e-01 1.277725037160290033e+07 3.491198446732170224e-02 -7.506694427504728186e-04 3.418124973868169922e+12 3.510343794314409752e+04 1.667493012856080092e+00
8.835207253301280428e-01 1.270090916288929991e+07 3.429006103765089991e-02 -7.439104344723065183e-04 3.317180111186000000e+12 3.501089385865280201e+04 1.667514514904270051e+00
8.847094739492770143e-01 1.262476189927889965e+07 3.367711575581949779e-02 -7.377446282067342750e-04 3.218887520713640137e+12 3.491923430769990227e+04 1.667534192744440036e+00
8.858910819690889449e-01 1.254873691151379980e+07 3.307305834462820338e-02 -7.312510693950537589e-04 3.123176978498830078e+12 3.482834321229990019e+04 1.667547195656100101e+00
8.870655622180859678e-01 1.247294723407069966e+07 3.247785685423600077e-02 -7.251695894471674089e-04 3.029995162858399902e+12 3.473847323030929692e+04 1.667567203436409962e+00
8.882329377129639658e-01 1.239735202435420081e+07 3.189104724698119814e-02 -7.192049236054881859e-04 2.939294873868540039e+12 3.464942124369579687e+04 1.667581435921730026e+00
8.893932265769479706e-01 1.232200025809960067e+07 3.131278018448169914e-02 -7.129831806621079278e-04 2.850982467495209961e+12 3.456119890450040111e+04 1.667589486694079914e+00
8.905464507264769791e-01 1.224682322628680058e+07 3.074295880280560056e-02 -7.068815154121214266e-04 2.765031304042990234e+12 3.447384951986370288e+04 1.667598191724630086e+00
8.916926257895619878e-01 1.217183066869140044e+07 3.018147481161139942e-02 -7.008581600107374656e-04 2.681380130041770020e+12 3.438733174562190106e+04 1.667608067156769902e+00
8.928317693823050183e-01 1.209700486398760043e+07 2.962821873325649849e-02 -6.947127441821287878e-04 2.599956169856209961e+12 3.430151587185169774e+04 1.667617978816190005e+00
8.939638975120020037e-01 1.202239672655059956e+07 2.908327532176250077e-02 -6.885414249230960380e-04 2.520730635311709961e+12 3.421680947869650117e+04 1.667636162714259962e+00
8.950890295714010181e-01 1.194795218112630025e+07 2.854638618685450061e-02 -6.826970682129097261e-04 2.443618355810640137e+12 3.413268018147099792e+04 1.667645917269940048e+00
8.962071808516669513e-01 1.187364116326170042e+07 2.801742239609189902e-02 -6.766450375181437809e-04 2.368600069304589844e+12 3.404935028745949967e+04 1.667656269676800029e+00
8.973183646228930499e-01 1.179957060125079937e+07 2.749645860209999973e-02 -6.706953355217093894e-04 2.295606264564060059e+12 3.396689466077499674e+04 1.667677733971500098e+00
8.984226029764910137e-01 1.172561933489950001e+07 2.698323453469480063e-02 -6.648092861954752342e-04 2.224588990616240234e+12 3.388517376271000103e+04 1.667696677168369890e+00
8.995199070850200540e-01 1.165188318748079985e+07 2.647779040002249881e-02 -6.589202451361381814e-04 2.155508008508209961e+12 3.380425260270459694e+04 1.667722377362319985e+00
9.006102980072090425e-01 1.157828759933760017e+07 2.597983475958219948e-02 -6.533981351193325193e-04 2.088306475997479980e+12 3.372412968881899724e+04 1.667753641496150019e+00
9.016937899084600527e-01 1.150496014525239915e+07 2.548921491584299828e-02 -6.477680626883009028e-04 2.022947940872500000e+12 3.364475773478939664e+04 1.667795027023470045e+00
9.027704075537189565e-01 1.143180178898740001e+07 2.500593559062790072e-02 -6.421994078997825088e-04 1.959380530875969971e+12 3.356610044944289984e+04 1.667842043137740093e+00
9.038401657985389859e-01 1.135885067032819986e+07 2.452985471847229926e-02 -6.365955146005901127e-04 1.897561887168149902e+12 3.348830283609109756e+04 1.667892232420219889e+00
9.049030827425400547e-01 1.128604170965109952e+07 2.406099730874650122e-02 -6.310264941063209888e-04 1.837448719470060059e+12 3.341117764340650319e+04 1.667942671135069999e+00
9.059591700293410099e-01 1.121335292963859998e+07 2.359919105180970089e-02 -6.254727682437060277e-04 1.779005276812739990e+12 3.333475930014390178e+04 1.667981394001539996e+00
9.070084383316070475e-01 1.114074803193609975e+07 2.314451491232689950e-02 -6.197750341258872640e-04 1.722175859890379883e+12 3.325914238835329888e+04 1.668010831069210109e+00
9.080508963006439505e-01 1.106826922444630042e+07 2.269672150414829906e-02 -6.147188457039353673e-04 1.666937229407639893e+12 3.318421805959819903e+04 1.668026401618529997e+00
9.090865569589620110e-01 1.099593347995560057e+07 2.225550326586309829e-02 -6.092921410217667401e-04 1.613239999147129883e+12 3.310994808659850241e+04 1.668024301936319898e+00
9.101154337015080475e-01 1.092376589158800058e+07 2.182119241129440099e-02 -6.039505168570308237e-04 1.561061343112370117e+12 3.303656264839490177e+04 1.668030166625140032e+00
9.111375416258450377e-01 1.085169705461470038e+07 2.139328540552900074e-02 -5.989245700851257266e-04 1.510340165639860107e+12 3.296363508816430112e+04 1.668010931196080016e+00
9.121528899350680453e-01 1.077978238914269954e+07 2.097199779289350002e-02 -5.934288635795517382e-04 1.461053335599159912e+12 3.289155398169650289e+04 1.667990981378949966e+00
9.131614932816439767e-01 1.070797373957799934e+07 2.055723051739550070e-02 -5.883259138173274746e-04 1.413170253051719971e+12 3.282015610501370247e+04 1.667961475411829930e+00
9.141633617615280150e-01 1.063632793461469933e+07 2.014881245765679993e-02 -5.830193828497040294e-04 1.366648257224760010e+12 3.274952433265660147e+04 1.667929223962820062e+00
9.151585102384649506e-01 1.056479108359679952e+07 1.974683343175150096e-02 -5.778840576129805470e-04 1.321453940126459961e+12 3.267950660691180019e+04 1.667886610584949914e+00
9.161469489147110457e-01 1.049337920821020007e+07 1.935088448975489858e-02 -5.731931943132509812e-04 1.277555047888120117e+12 3.261011672335700132e+04 1.667822254255650005e+00
9.171286906832799568e-01 1.042211070079099946e+07 1.896093704180639924e-02 -5.681317341439451113e-04 1.234925091610629883e+12 3.254142195813609942e+04 1.667755725351540042e+00
9.181037496404439446e-01 1.035103124120209925e+07 1.857710179747040086e-02 -5.631491084795542086e-04 1.193525563860489990e+12 3.247343374849259999e+04 1.667688356273159922e+00
9.190721435174009635e-01 1.028008583745059930e+07 1.819915685626009860e-02 -5.583134097927439608e-04 1.153326825234919922e+12 3.240608041017379946e+04 1.667609373886139945e+00
9.200338850836099480e-01 1.020933787095459923e+07 1.782713058091829963e-02 -5.532526561730601771e-04 1.114301265851479980e+12 3.233936659758249880e+04 1.667536964233780061e+00
9.209889926045370379e-01 1.013873054059300013e+07 1.746100772530879974e-02 -5.483233976298770244e-04 1.076413720887530029e+12 3.227330503933940054e+04 1.667475869563729951e+00
9.219374795176750181e-01 1.006829228340750001e+07 1.710071556001210163e-02 -5.431420321785886086e-04 1.039638333905859985e+12 3.220780721387029917e+04 1.667417956678389990e+00
9.228793622693469700e-01 9.998041655008289963e+06 1.674630243521489995e-02 -5.383435593056754963e-04 1.003950175505329956e+12 3.214322077320079916e+04 1.667384320438050072e+00
9.238146580343580272e-01 9.927962558002829552e+06 1.639730240634639999e-02 -5.337848945856283776e-04 9.693151855662010498e+11 3.207908607672910148e+04 1.667347530780799891e+00
9.247433823621380444e-01 9.858031906436959282e+06 1.605385022517689941e-02 -5.289717937887265234e-04 9.357062217966579590e+11 3.201549871959819939e+04 1.667317190637249924e+00
9.256655487931639836e-01 9.788264634537380189e+06 1.571584433556370147e-02 -5.242440902145877437e-04 9.031028122251719971e+11 3.195259223834750082e+04 1.667291174340590043e+00
9.265811715659240111e-01 9.718620362677209079e+06 1.538328412892839975e-02 -5.195158426352091286e-04 8.714753756168690186e+11 3.189028763293359953e+04 1.667260619493249996e+00
9.274902618108460395e-01 9.649072224081959575e+06 1.505609693481520066e-02 -5.146022992309275427e-04 8.407984696993299561e+11 3.182852694313900065e+04 1.667225970423489967e+00
9.283928286336979863e-01 9.579677819907980040e+06 1.473439785848700001e-02 -5.097425417689520604e-04 8.110505332138549805e+11 3.176752832874979867e+04 1.667192930715359900e+00
9.292888853206120459e-01 9.510355840548660606e+06 1.441794034171089978e-02 -5.050402596155925900e-04 7.822035766028010254e+11 3.170706279029099824e+04 1.667155286531410097e+00
9.301784394164439584e-01 9.441115184189690277e+06 1.410673514262210035e-02 -5.003619629127927437e-04 7.542354633008179932e+11 3.164719016082010057e+04 1.667118863204209989e+00
9.310615018057879499e-01 9.372079847841739655e+06 1.380054782239699927e-02 -4.960085121084501945e-04 7.271249133106689453e+11 3.158788732324530065e+04 1.667097449478420090e+00
9.319380922442870308e-01 9.303268681302009150e+06 1.349925056297899932e-02 -4.917026138876946957e-04 7.008475120004969482e+11 3.152921756723340150e+04 1.667086601257320000e+00
9.328082299615739759e-01 9.234564235433399677e+06 1.320283134796169933e-02 -4.871171068735638912e-04 6.753809731835030518e+11 3.147101067496640098e+04 1.667069637443070018e+00
9.336719239366619849e-01 9.166028595334069803e+06 1.291139608636530066e-02 -4.826255595898143002e-04 6.507041570989699707e+11 3.141349540240439819e+04 1.667058066168640051e+00
9.345291886665759717e-01 9.097565238454209641e+06 1.262475222921860020e-02 -4.781015912516799215e-04 6.267999145020920410e+11 3.135658815214209972e+04 1.667036020667030050e+00
9.353800289965590320e-01 9.029192088595330715e+06 1.234298820813850041e-02 -4.736536865484147307e-04 6.036449159159859619e+11 3.130026585442239957e+04 1.666996072144619978e+00
9.362244516946519601e-01 8.960804109612220898e+06 1.206587728261289925e-02 -4.692276287533248620e-04 5.812151127471560059e+11 3.124437147937030022e+04 1.666920833246769984e+00
9.370624549601029862e-01 8.892449466437140480e+06 1.179355311148009948e-02 -4.647082934803578374e-04 5.594981110637600098e+11 3.118912921651389843e+04 1.666820812480050096e+00
9.378940429365749676e-01 8.824100147361660376e+06 1.152583668783919990e-02 -4.603325799173666063e-04 5.384718505375079956e+11 3.113428513253909841e+04 1.666679787821460090e+00
9.387192181369690136e-01 8.755850315101759508e+06 1.126266376430560059e-02 -4.563167705000990121e-04 5.181193813095579834e+11 3.108026188768220163e+04 1.666512211156609968e+00
9.395379918675840214e-01 8.687709483779529110e+06 1.100369223024980081e-02 -4.524405002641839987e-04 4.984195526597719727e+11 3.102650036202490082e+04 1.666308297837469921e+00
9.403503752218159706e-01 8.619732809176979586e+06 1.074907647604689959e-02 -4.482487294931360861e-04 4.793583442867050171e+11 3.097348286445470148e+04 1.666091190912349917e+00
9.411563833173069993e-01 8.551873936138890684e+06 1.049875232661869918e-02 -4.441799714904632744e-04 4.609170379884860229e+11 3.092094314682999902e+04 1.665857894759700031e+00
9.419560273344189660e-01 8.484146684427579865e+06 1.025270372754870027e-02 -4.400254749196928490e-04 4.430796388937100220e+11 3.086896716474770074e+04 1.665611142274959988e+00
9.427493195216199995e-01 8.416578822640340775e+06 1.001090023413159918e-02 -4.358555365992987070e-04 4.258277733966480103e+11 3.081751474982939908e+04 1.665360964016030065e+00
9.435362737419370482e-01 8.349092898279329762e+06 9.773338870712380139e-03 -4.315981096150927157e-04 4.091472639799349976e+11 3.076662965234230069e+04 1.665108516291089913e+00
9.443168977237650363e-01 8.281723164117259905e+06 9.540019613276539204e-03 -4.272704658380229890e-04 3.930211136629559937e+11 3.071621604951249901e+04 1.664852253686839978e+00
9.450912025188920040e-01 8.214479831228249706e+06 9.310923131810880382e-03 -4.229723538484504069e-04 3.774336467801480103e+11 3.066633014422429915e+04 1.664607293613729944e+00
9.458592009564340541e-01 8.147321546477000229e+06 9.085943781971009617e-03 -4.188575950113037553e-04 3.623690390770120239e+11 3.061688831327349908e+04 1.664365711533009939e+00
9.466209035457550103e-01 8.080401251688489690e+06 8.864935328499390019e-03 -4.149438726389493562e-04 3.478147736028779907e+11 3.056806682172360161e+04 1.664147546229310048e+00
9.473763329973640124e-01 8.013667875705960207e+06 8.647787099836379276e-03 -4.110429196968525553e-04 3.337550624215170288e+11 3.051966308185439993e+04 1.663954774333070041e+00
9.481255047910870370e-01 7.947105720777849667e+06 8.434533119477519159e-03 -4.068886565933456639e-04 3.201750741343400269e+11 3.047183354673179929e+04 1.663760898341720029e+00
9.488684310575500325e-01 7.880621787276679650e+06 8.225208964497970551e-03 -4.028212624230170574e-04 3.070629943533040161e+11 3.042462043174339851e+04 1.663561426534829968e+00
9.496051169430469452e-01 7.814084542281890288e+06 8.019720741440460390e-03 -3.986400221090655735e-04 2.944025253660219727e+11 3.037763614457329822e+04 1.663327554689810084e+00
9.503355600675329473e-01 7.747660236022939906e+06 7.818113039015750498e-03 -3.946294237503949814e-04 2.821845585393239746e+11 3.033136095046879927e+04 1.663065354862850009e+00
9.510597723210419963e-01 7.681367122888280079e+06 7.620128359458960311e-03 -3.908902731345300415e-04 2.703947441255249939e+11 3.028557768663809838e+04 1.662796495718579903e+00
9.517777636637999583e-01 7.615116569776809774e+06 7.425758663131490009e-03 -3.870679255082024647e-04 2.590190367360729980e+11 3.024016764116130071e+04 1.662493797201479939e+00
9.524895366813429520e-01 7.548868715579239652e+06 7.234964837467210141e-03 -3.831353596607041563e-04 2.480472514821040039e+11 3.019522534132919827e+04 1.662145770462819971e+00
9.531950904037780337e-01 7.482670113760319538e+06 7.047796839027260264e-03 -3.792518067154958825e-04 2.374677555716329956e+11 3.015099001266760024e+04 1.661732404596949930e+00
9.538944286500939951e-01 7.416364434230020270e+06 6.864109831176599952e-03 -3.754627896335295881e-04 2.272680929907539978e+11 3.010687225160549860e+04 1.661232306412359971e+00
9.545875433033470525e-01 7.350149053858609870e+06 6.683888020126529592e-03 -3.718195679227833035e-04 2.174385245096839905e+11 3.006354139886000121e+04 1.660671029297470014e+00
9.552744450133680010e-01 7.283946098013879731e+06 6.506980887822189780e-03 -3.681461512006123284e-04 2.079666454233469849e+11 3.002060461178909827e+04 1.660046128493579909e+00
9.559551365437329862e-01 7.217901727833550423e+06 6.333475310317570120e-03 -3.644155850012003000e-04 1.988441877959429932e+11 2.997820675989639858e+04 1.659398972872909939e+00
9.566296338874969996e-01 7.151935249142190441e+06 6.163221477095200129e-03 -3.608719175210730289e-04 1.900574104081960144e+11 2.993606193859930136e+04 1.658711811608269970e+00
9.572979452888999985e-01 7.086158286084810272e+06 5.996238621434019783e-03 -3.571131476171996539e-04 1.815991006048080139e+11 2.989455445269849952e+04 1.658014791449939906e+00
9.579600890691759574e-01 7.020505554621130228e+06 5.832512201206049851e-03 -3.534567392153690232e-04 1.734576826401929932e+11 2.985344271671719980e+04 1.657298603668780013e+00
9.586160772955359954e-01 6.955043258750390261e+06 5.671957803125919975e-03 -3.498436486074962349e-04 1.656239256303970032e+11 2.981278585117409966e+04 1.656571517985909958e+00
9.592659264820969645e-01 6.889737212467740290e+06 5.514565319860669987e-03 -3.461127498426719317e-04 1.580883453380620117e+11 2.977261427397299849e+04 1.655832862341859890e+00
9.599096495075849500e-01 6.824477072662279941e+06 5.360357587642610409e-03 -3.422558722867934371e-04 1.508408192364670105e+11 2.973294068374440030e+04 1.655062765232319988e+00
9.605472519359670169e-01 6.759364225034610368e+06 5.209315565881110152e-03 -3.385168715369338993e-04 1.438735893052590027e+11 2.969377352736660032e+04 1.654282762826069897e+00
9.611787469806789552e-01 6.694409627031089738e+06 5.061326626442400230e-03 -3.348751340224109482e-04 1.371769844341410065e+11 2.965493216567950003e+04 1.653508348262199945e+00
9.618041434178159488e-01 6.629442984045780264e+06 4.916395089454590056e-03 -3.310325153060587129e-04 1.307425412835590057e+11 2.961651136758099892e+04 1.652659451132749924e+00
9.624234358776040388e-01 6.564281485619789921e+06 4.774508644392839660e-03 -3.274272767645215461e-04 1.245618724438529968e+11 2.957860767761199895e+04 1.651642606947999914e+00
9.630366082163559494e-01 6.499095924780500121e+06 4.635502069644000314e-03 -3.239653209498968736e-04 1.186273811781139984e+11 2.954106914092109946e+04 1.650513034959250058e+00
9.636436588148939997e-01 6.433904556301739998e+06 4.499394860076389759e-03 -3.203297312122925945e-04 1.129310544989960022e+11 2.950408448110429890e+04 1.649257858170749991e+00
9.642445844708620317e-01 6.368560904238809831e+06 4.366157863577149745e-03 -3.168286256395876186e-04 1.074653044181889954e+11 2.946742740793479970e+04 1.647832043471560093e+00
9.648393719795189671e-01 6.303114609404260293e+06 4.235697997899400338e-03 -3.134768647333526642e-04 1.022225435081820068e+11 2.943126626607419894e+04 1.646219321857399942e+00
9.654280155142139774e-01 6.237699546590279788e+06 4.107942141140050012e-03 -3.101860030750324174e-04 9.719622894766419983e+10 2.939554543078750066e+04 1.644464627755289898e+00
9.660105209035869667e-01 6.172322005227539688e+06 3.982884639656059794e-03 -3.066877415415967764e-04 9.237833783629150391e+10 2.936009108990550158e+04 1.642580070947150084e+00
9.665868935373520543e-01 6.107083332586109638e+06 3.860549292905890092e-03 -3.033195143369282732e-04 8.776324605947700500e+10 2.932534104483359988e+04 1.640605401479849901e+00
9.671571476210889529e-01 6.041933019580500200e+06 3.740787245533960109e-03 -3.001404327677789793e-04 8.334294166769039917e+10 2.929091684189049920e+04 1.638500598839419897e+00
9.677212939555950300e-01 5.976971385894020088e+06 3.623589342773029989e-03 -2.968294677152569054e-04 7.911144003213760376e+10 2.925701612818380090e+04 1.636302789389999957e+00
9.682793529136920485e-01 5.912257855910260230e+06 3.508947532720969875e-03 -2.934689918108864199e-04 7.506162704342649841e+10 2.922334096180760025e+04 1.634046185974890042e+00
9.688313494650160340e-01 5.847801139452369884e+06 3.396846829322720113e-03 -2.901328587628985403e-04 7.118766380935589600e+10 2.919013697643449996e+04 1.631767462412440084e+00
9.693773091427569932e-01 5.783667217512000352e+06 3.287206049407530133e-03 -2.869566919940521156e-04 6.748339721695559692e+10 2.915734551009990173e+04 1.629433317097640055e+00
9.699172619424399899e-01 5.719836339310189709e+06 3.179988169435829862e-03 -2.835709495679384642e-04 6.394261078181439972e+10 2.912494893923509881e+04 1.627058792797380082e+00
9.704512319732849779e-01 5.656259031391429715e+06 3.075285065701590086e-03 -2.798762853628512163e-04 6.055992737273500061e+10 2.909319564673949935e+04 1.624637059225950031e+00
9.709792377469269598e-01 5.592689401336929761e+06 2.973098179709309907e-03 -2.762978568085383991e-04 5.732867582370890045e+10 2.906150154721270155e+04 1.622103475569599995e+00
9.715012792448649570e-01 5.529218733942439780e+06 2.873346046441160092e-03 -2.727567294131750175e-04 5.424398963830429840e+10 2.903031715235600132e+04 1.619435764554659984e+00
9.720173656912060034e-01 5.465840453008170240e+06 2.776025588360500184e-03 -2.691382121027763525e-04 5.130085507325029755e+10 2.899971390520159912e+04 1.616640502839590043e+00
9.725275044534490432e-01 5.402475156195330434e+06 2.681078029549879838e-03 -2.657395090037325798e-04 4.849332747521929932e+10 2.896942768221670121e+04 1.613657599152420019e+00
9.730317010415390211e-01 5.339176499329210259e+06 2.588415734928160156e-03 -2.623263593814396553e-04 4.581643130743530273e+10 2.893925681302500016e+04 1.610510556729980003e+00
9.735299681141610373e-01 5.276272630446479656e+06 2.498044212201979992e-03 -2.589040969743697912e-04 4.326598293175389862e+10 2.890980567808160049e+04 1.607339116511000032e+00
9.740223445965590088e-01 5.213598433448090218e+06 2.409877229913850050e-03 -2.556470083474238946e-04 4.083644224968609619e+10 2.888071298636159918e+04 1.604069564508199930e+00
9.745088573679510091e-01 5.151321648491219617e+06 2.323875905406649813e-03 -2.522980043824122145e-04 3.852327573133560181e+10 2.885193870441809850e+04 1.600763426170759951e+00
9.749895494251920036e-01 5.089711937945960090e+06 2.240025002931409978e-03 -2.489883986941192318e-04 3.632210210741390228e+10 2.882358411459909985e+04 1.597599336046829910e+00
9.754644846022589855e-01 5.028551221889370121e+06 2.158264281123869859e-03 -2.456691201053180069e-04 3.422811730803459930e+10 2.879557930442849829e+04 1.594439460374339923e+00
9.759337110417950489e-01 4.968113209017810412e+06 2.078589011838109964e-03 -2.422747466787468051e-04 3.223723601197230148e+10 2.876799124181570005e+04 1.591439066358000032e+00
9.763973018388659719e-01 4.908564970253789797e+06 2.000968141287189951e-03 -2.388297673938119070e-04 3.034499399559320068e+10 2.874054409053529889e+04 1.588775243530480052e+00
9.768553399812469618e-01 4.849753596310909837e+06 1.925397797507320081e-03 -2.352634521177230211e-04 2.854742856367580032e+10 2.871366337075630145e+04 1.586331166182660013e+00
9.773078930723270163e-01 4.791776183410620317e+06 1.851857076257830068e-03 -2.316934923315207859e-04 2.684045239333629990e+10 2.868722591247699893e+04 1.584203922880240034e+00
9.777550349971889654e-01 4.734455733248170465e+06 1.780332293451630105e-03 -2.278987915170247261e-04 2.522009678925370026e+10 2.866100090066430130e+04 1.582322553506710028e+00
9.781968214034140185e-01 4.677682037981550209e+06 1.710849980753029968e-03 -2.240782383851394057e-04 2.368276880793619919e+10 2.863518485547860109e+04 1.580671912554999947e+00
9.786333020480919576e-01 4.621338392363790423e+06 1.643409843485149971e-03 -2.197685777706744710e-04 2.222471006402299881e+10 2.860969282863520129e+04 1.579240517878709893e+00
9.790645213140719560e-01 4.565629426087330095e+06 1.577971693188300007e-03 -2.167040880089285589e-04 2.084253329400490189e+10 2.858451755283979946e+04 1.578160943163769980e+00
9.794905404764370216e-01 4.510597252316320315e+06 1.514458836997610103e-03 -2.106694283958817824e-04 1.953281510839199829e+10 2.855960586996169877e+04 1.577472359126770085e+00
9.799114762208209761e-01 4.456097853224529885e+06 1.452932884307810016e-03 -2.126314517202062616e-04 1.829221868118389893e+10 2.853543019523359908e+04 1.577209329639400082e+00
9.803274438424339765e-01 4.406812884134530090e+06 1.390494832592610022e-03 -2.156803225668992659e-04 1.711852081971800041e+10 2.849002811027179996e+04 1.577443460766779992e+00
9.807388906493490488e-01 4.359089723409210332e+06 1.329705613845750091e-03 -2.093132861130176162e-04 1.601004469796319962e+10 2.843443560426049953e+04 1.578170037350880017e+00
9.811459023209879726e-01 4.312145618009399623e+06 1.271031958596559926e-03 -2.047223858475495856e-04 1.496377762075889969e+10 2.837609341366880108e+04 1.579433990833289947e+00
9.815485372729509939e-01 4.265921080872960389e+06 1.214410106604630040e-03 -1.994608434064106472e-04 1.397671379695809937e+10 2.831627572259870067e+04 1.581207628633410023e+00
9.819468512992980402e-01 4.220058764175790362e+06 1.159793936596370013e-03 -1.945516829069321766e-04 1.304595272989979935e+10 2.825566990943350174e+04 1.583218838365159975e+00
9.823408729843899900e-01 4.174339999940789770e+06 1.107117085578800033e-03 -1.896226202415972535e-04 1.216871364735630035e+10 2.819434420057589887e+04 1.585344665960100041e+00
9.827306174656870175e-01 4.129086843535189983e+06 1.056335119237309956e-03 -1.848109443946432311e-04 1.134239464775979996e+10 2.813273188238689909e+04 1.587828409920210015e+00
9.831161232114019599e-01 4.084011767183559947e+06 1.007383763597109955e-03 -1.800693283530712004e-04 1.056449323379330063e+10 2.807087712925360029e+04 1.590453510830520001e+00
9.834973981488680517e-01 4.038937134919379838e+06 9.602245790552559751e-04 -1.753704729970093404e-04 9.832527826525810242e+09 2.800896565569459926e+04 1.593094193825540072e+00
9.838744339534919447e-01 3.993755171646059956e+06 9.148068506577619998e-04 -1.707953523242856117e-04 9.144309283733110428e+09 2.794705355804899955e+04 1.595662286577949951e+00
9.842472099674679509e-01 3.948151005673639942e+06 8.710806533768670297e-04 -1.662647988428502465e-04 8.497589233042969704e+09 2.788519976583910102e+04 1.597904507425230047e+00
9.846156797479530542e-01 3.901967042716459837e+06 8.290143179255100164e-04 -1.618218328823339369e-04 7.890485764937259674e+09 2.782365641306119869e+04 1.599655060121589978e+00
9.849797842345210386e-01 3.855248683269930072e+06 7.885571304842670061e-04 -1.574661604627799853e-04 7.320897300153269768e+09 2.776220408075860178e+04 1.600932045366779910e+00
9.853394664717020079e-01 3.807671677397009917e+06 7.496771632998559766e-04 -1.531719314203502588e-04 6.787024213055789948e+09 2.770124385158480072e+04 1.601453111176939892e+00
9.856946419684350369e-01 3.759268269881169777e+06 7.123334205660899815e-04 -1.489574098368866674e-04 6.287060795684670448e+09 2.764051323565810162e+04 1.601187174507640032e+00
9.860452285460059585e-01 3.709961657321259845e+06 6.764930717539900272e-04 -1.448271082732023216e-04 5.819304098119739532e+09 2.758016395046349862e+04 1.600029515927170021e+00
9.863911350675019785e-01 3.659491438515449874e+06 6.421119057055679497e-04 -1.407874280299621335e-04 5.382052336977049828e+09 2.752028984675190077e+04 1.597735752652750030e+00
9.867322530516640100e-01 3.607917312336190138e+06 6.091603682700529911e-04 -1.368076665752191411e-04 4.973766988930489540e+09 2.746105533303870106e+04 1.594256389590029910e+00
9.870684842131970393e-01 3.555433008472950198e+06 5.776016619755149463e-04 -1.329087163321713639e-04 4.592899944408800125e+09 2.740224383116299941e+04 1.589732481042960055e+00
9.873997459316179448e-01 3.502045879384499975e+06 5.473987027000739572e-04 -1.291069597202060639e-04 4.237958653421979904e+09 2.734412914753509904e+04 1.584131018504830068e+00
9.877259540528879889e-01 3.447793874261970166e+06 5.185092539098510494e-04 -1.253748440662070748e-04 3.907465489105879784e+09 2.728644738305639839e+04 1.577410598898129956e+00
9.880470306908799571e-01 3.392645932125980034e+06 4.909035803086310087e-04 -1.217046125477983719e-04 3.600084900342110157e+09 2.722954634967329912e+04 1.569504985959149890e+00
9.883629007769350050e-01 3.336902058600910008e+06 4.645401758997110236e-04 -1.181359077885043538e-04 3.314438077483779907e+09 2.717343965575659968e+04 1.560633238182600024e+00
9.886735159011450502e-01 3.280750570496410131e+06 4.393791004852200211e-04 -1.146429912412725801e-04 3.049261769254990101e+09 2.711808739927269926e+04 1.550925061816309958e+00
9.889788430154690113e-01 3.224163812460820191e+06 4.153795092327290184e-04 -1.112330546034634850e-04 2.803253076389780045e+09 2.706340681626060177e+04 1.540339777971500013e+00
9.892788487542759635e-01 3.167450722300080117e+06 3.925025070890760014e-04 -1.078971013562335873e-04 2.575243347691490173e+09 2.700945186443920102e+04 1.529131100532729937e+00
9.895735589929449683e-01 3.110643140707309823e+06 3.707064304420850222e-04 -1.046294654012871740e-04 2.364078347791090012e+09 2.695633574628660062e+04 1.517294621212379901e+00
9.898631214751340002e-01 3.056493655021839775e+06 3.499412794372249759e-04 -1.014509362904339365e-04 2.168550867686830044e+09 2.690401711512390102e+04 1.507552657230500026e+00
9.901478731046819970e-01 3.012531730080939829e+06 3.301437802969680170e-04 -9.833532224510208898e-05 1.987440506396189928e+09 2.685228947261959911e+04 1.507554248833649968e+00
9.904286157747359542e-01 2.968638143611670006e+06 3.112285687849079894e-04 -9.528338602326034284e-05 1.819368911729949951e+09 2.680126403651230066e+04 1.507558466822549903e+00
9.907052415772800158e-01 2.924819850437059999e+06 2.931718001515979766e-04 -9.228925256440218255e-05 1.663600009841219902e+09 2.675071274477710176e+04 1.507550996129850107e+00
9.909777577736099685e-01 2.881089136297610123e+06 2.759463784633019883e-04 -8.935514264179980767e-05 1.519378830872900009e+09 2.670089789589630163e+04 1.507554192783129965e+00
9.912461724631560500e-01 2.837448539650380146e+06 2.595216772938270045e-04 -8.648414404530448683e-05 1.385975297847150087e+09 2.665168728972219833e+04 1.507554211163449898e+00
9.915104938216789954e-01 2.793871472858460154e+06 2.438713131911870113e-04 -8.366562313956012686e-05 1.262702262419689894e+09 2.660314623112580011e+04 1.507554059980209971e+00
9.917707278993089792e-01 2.750384401868360117e+06 2.289670687488409894e-04 -8.091585543805559003e-05 1.148912671085419893e+09 2.655528630201319902e+04 1.507559125665590027e+00
9.920268831401519716e-01 2.706967578012309968e+06 2.147818894437330097e-04 -7.821676624776772156e-05 1.043981087835530043e+09 2.650794331853249969e+04 1.507552720986520045e+00
9.922789660981440329e-01 2.663634865757199936e+06 2.012912947035130115e-04 -7.557253877879715803e-05 9.473325186308859587e+08 2.646137172503429974e+04 1.507553366331719991e+00
9.925269846334500157e-01 2.620374360852119979e+06 1.884692273336629901e-04 -7.298898012365558942e-05 8.584099330481510162e+08 2.641536876912969819e+04 1.507550636601689975e+00
9.927709454359999741e-01 2.577193699784900062e+06 1.762911513815150130e-04 -7.045831094907911620e-05 7.766956636234649420e+08 2.637011875207710182e+04 1.507556414692009961e+00
9.930108557962059601e-01 2.534081874018140137e+06 1.647331823868700075e-04 -6.798353375162632820e-05 7.016947812732909918e+08 2.632551518859580028e+04 1.507555461385899909e+00
9.932467221672820479e-01 2.491036623796230182e+06 1.537718675333780093e-04 -6.556188036737217392e-05 6.329445724586770535e+08 2.628154314389860156e+04 1.507553881667079931e+00
9.934785509658380365e-01 2.448072217908380087e+06 1.433846063395859973e-04 -6.319496646496752259e-05 5.700038599111319780e+08 2.623822152417489997e+04 1.507552334266260008e+00
9.937063496966610510e-01 2.405176820822759997e+06 1.335490409319569933e-04 -6.087779175017507245e-05 5.124616288153629899e+08 2.619557618790740162e+04 1.507553319302860073e+00
9.939301246315489502e-01 2.362353630637390073e+06 1.242442257065979954e-04 -5.861374406307448927e-05 4.599293878401700258e+08 2.615375999481289909e+04 1.507556683621539939e+00
9.941498824377390520e-01 2.319590602190750185e+06 1.154484652910849952e-04 -5.640195279950976573e-05 4.120377488181489706e+08 2.611254332918329965e+04 1.507556628218770012e+00
9.943656287218609613e-01 2.276899574922489934e+06 1.071417206232369958e-04 -5.424251614468918371e-05 3.684432179863650203e+08 2.607202661058269950e+04 1.507560094694549990e+00
9.945773702879040501e-01 2.234265324582369998e+06 9.930349125975969989e-05 -5.213143731691052796e-05 3.288223457707020044e+08 2.603212869023290114e+04 1.507554414672209964e+00
9.947851124059310379e-01 2.191710787656560075e+06 9.191540518944399873e-05 -5.006862347516741104e-05 2.928733285158389807e+08 2.599292563713200070e+04 1.507556847678040102e+00
9.949888624007530158e-01 2.149200548160479870e+06 8.495795940467819991e-05 -4.805585045117569587e-05 2.603076432393859923e+08 2.595452447961029975e+04 1.507553834938510029e+00
9.951886245319550017e-01 2.106770160826770123e+06 7.841344391045729852e-05 -4.609160311916144122e-05 2.308610318758670092e+08 2.591673758995949902e+04 1.507556396536249954e+00
9.953844062359850087e-01 2.064391486586529994e+06 7.226338642945810318e-05 -4.417581819113371031e-05 2.042815415254099965e+08 2.587971134309620174e+04 1.507557725014420091e+00
9.955762122932729774e-01 2.022082267350180075e+06 6.649127159209130265e-05 -4.230378601386219710e-05 1.803380944687350094e+08 2.584341282332850096e+04 1.507557520837089937e+00
9.957640489681960361e-01 1.979828072418249911e+06 6.107978465603570528e-05 -4.048515351833910971e-05 1.588093497486180067e+08 2.580785819779850135e+04 1.507559825520599972e+00
9.959479212698779671e-01 1.937620259688330116e+06 5.601243329302510145e-05 -3.870871782586290109e-05 1.394920137797450125e+08 2.577286493731020164e+04 1.507554549617700079e+00
9.961278338685549683e-01 1.895476546394109959e+06 5.127405765967890189e-05 -3.697569836955229619e-05 1.221978948533969969e+08 2.573868611403850082e+04 1.507555793542260103e+00
9.963037927481199763e-01 1.853396955878959969e+06 4.684898590511940103e-05 -3.529228518606101887e-05 1.067485508673990071e+08 2.570518887586889832e+04 1.507557190916239964e+00
9.964758036721930168e-01 1.811363116639389889e+06 4.272213955276780143e-05 -3.365065439990899492e-05 9.298018217831119895e+07 2.567232572819599955e+04 1.507552748929239961e+00
9.966438707944540454e-01 1.769390496650089975e+06 3.887945568663099863e-05 -3.205374465262553132e-05 8.074028812334099412e+07 2.564041038574760023e+04 1.507558909403369896e+00
9.968079997369110323e-01 1.727454717086029937e+06 3.530655520757769754e-05 -3.050146412784227019e-05 6.988691186694240570e+07 2.560900954654390080e+04 1.507555083956620079e+00
9.969681940141159604e-01 1.685579744972710032e+06 3.199009425391090002e-05 -2.899197256626479457e-05 6.028929949576680362e+07 2.557838368959059881e+04 1.507556616004050110e+00
9.971244594343390277e-01 1.643746298693130026e+06 2.891671958241720072e-05 -2.752508286894795206e-05 5.182604289270289987e+07 2.554848483685660176e+04 1.507551619746329896e+00
9.972767997941840434e-01 1.601979614895890001e+06 2.607394755435849977e-05 -2.610020417236704637e-05 4.438598877191229910e+07 2.551946667481349868e+04 1.507560460955710058e+00
9.974252209903530231e-01 1.560240667068270035e+06 2.344917132518790150e-05 -2.471873986535504006e-05 3.786515128903319687e+07 2.549090267564059832e+04 1.507553967592140109e+00
9.975697257510539595e-01 1.518552980197829893e+06 2.103066308401380029e-05 -2.337633822275087361e-05 3.216944771352899820e+07 2.546327071874840112e+04 1.507551119847760024e+00
9.977103189862379651e-01 1.476917346565600019e+06 1.880689178826709887e-05 -2.207688682813118379e-05 2.721174538639859855e+07 2.543625660578639872e+04 1.507554939654710102e+00
9.978470053059449452e-01 1.435320521001749905e+06 1.676653646663550028e-05 -2.081871703955532826e-05 2.291231006354039907e+07 2.540989387687320050e+04 1.507549336049279987e+00
9.979797883402139469e-01 1.393766049946940038e+06 1.489898702186279986e-05 -1.959782945129095837e-05 1.919842555285559967e+07 2.538443688676139936e+04 1.507550854014299890e+00
9.981086719941469898e-01 1.352259561189420056e+06 1.319395952572779934e-05 -1.841956146581390981e-05 1.600366568477159925e+07 2.535977644699140001e+04 1.507560202251849946e+00
9.982336606459779604e-01 1.310782691381290089e+06 1.164114186753569980e-05 -1.728055584911087706e-05 1.326735155472129956e+07 2.533572439202230089e+04 1.507553666725599983e+00
9.983547569930879551e-01 1.269354458920360077e+06 1.023117297898370044e-05 -1.617947832381519646e-05 1.093492033721080050e+07 2.531250523799220173e+04 1.507558995534240109e+00
9.984719654354260454e-01 1.227952654843440047e+06 8.954579979684779657e-06 -1.511878190420669509e-05 8.956481195096289739e+06 2.528982682904530157e+04 1.507554031155819985e+00
9.985852885376790278e-01 1.186597283150250092e+06 7.802530513827069528e-06 -1.409539865663434379e-05 7.287331891924450174e+06 2.526803189849559931e+04 1.507555429806380021e+00
9.986947305816119558e-01 1.145272688699869905e+06 6.766381550324690084e-06 -1.311093593516311793e-05 5.887110867701970041e+06 2.524695000183580123e+04 1.507558587175700016e+00
9.988002942800660033e-01 1.103985819919330068e+06 5.837918833489460175e-06 -1.216385703890284048e-05 4.719665617188169621e+06 2.522657612918439918e+04 1.507555912291419942e+00
9.989019831409230443e-01 1.062727872874249937e+06 5.009228659999339770e-06 -1.125425120231391696e-05 3.752700383184019942e+06 2.520697797928080035e+04 1.507555733040029988e+00
9.989997997696480336e-01 1.021510404842069955e+06 4.272752108094669807e-06 -1.038228870616827750e-05 2.957438701853789855e+06 2.518818197833959857e+04 1.507561353267929949e+00
9.990937477351879981e-01 9.803135263751799939e+05 3.621187758114130075e-06 -9.547412859725016595e-06 2.308374008471279871e+06 2.516998844476000158e+04 1.507556987288610095e+00
9.991838289366570258e-01 9.391509067856359761e+05 3.047652550481570089e-06 -8.749052472402728779e-06 1.783043467292899964e+06 2.515264216612419841e+04 1.507556787997810011e+00
9.992700464970170060e-01 8.980151141136389924e+05 2.545523519572249847e-06 -7.986842548386903574e-06 1.361669278433199972e+06 2.513604670378470109e+04 1.507552132823499980e+00
9.993524028037229501e-01 8.569066291204099543e+05 2.108535110673079805e-06 -7.261500416525539561e-06 1.027011198750389973e+06 2.512010668296759832e+04 1.507556041925689927e+00
9.994309003636030475e-01 8.158264576315640006e+05 1.730681050785619969e-06 -6.570315942792083409e-06 7.640839647623669589e+05 2.510496207554730063e+04 1.507557107884269998e+00
9.995055416258670222e-01 7.747747464655960212e+05 1.406310853921949910e-06 -5.919782989193794015e-06 5.599591739330929704e+05 2.509069304326850033e+04 1.507561504449840051e+00
9.995763290081669528e-01 7.337414374690030236e+05 1.130036210788100037e-06 -5.290963874513472923e-06 4.035556308200379717e+05 2.507685667159170043e+04 1.507554056092579975e+00
9.996432641079050496e-01 6.927343051548909862e+05 8.967965616216990510e-07 -4.735809084159607225e-06 2.854647580227460130e+05 2.506388766623529955e+04 1.507556797032560070e+00
9.997063490475409653e-01 6.517474566467700060e+05 7.018238420729370353e-07 -4.146450322637869198e-06 1.977495462386499858e+05 2.505159019356159843e+04 1.507553017843570098e+00
9.997657795686749616e-01 6.106469827611789806e+05 5.401458205638520523e-07 -3.529861998427826468e-06 1.336032999115799903e+05 2.503983209411229836e+04 1.507553909092939959e+00
9.998220392663820233e-01 5.843671919051749865e+05 3.872514986409000261e-07 -2.919054792340351015e-06 8.771876238552239374e+04 2.503281522598570155e+04 1.507552220185770064e+00
9.998768320610730287e-01 5.843658226831050124e+05 2.540852142547900224e-07 -2.323557213091433167e-06 5.755442900229799852e+04 2.503128005345709971e+04 1.507551601923390105e+00
9.999322024293789690e-01 6.036706951906830072e+05 1.659736689169230001e-07 -1.745368479100500412e-06 3.759575770622059645e+04 2.503161402620270019e+04 1.608799377378659967e+00
9.999892304720520153e-01 6.083738651347280247e+05 1.070437299049969985e-07 -1.200206799293829331e-06 2.424715070200850096e+04 2.503326096288019835e+04 1.633967345434440110e+00
1.000046421715069966e+00 6.093949066707219463e+05 6.894711886396740546e-08 -7.548183945622134364e-07 1.561766171676940030e+04 2.505398813645149858e+04 1.639450867192350003e+00
1.000103645017270004e+00 6.095153678790510166e+05 4.440152323527510038e-08 -4.934198736963125363e-07 1.005764976108739938e+04 2.505438500810589903e+04 1.640094887050099981e+00
1.000160869301210065e+00 6.095593622724120505e+05 2.859397533757010159e-08 -3.148510834352950505e-07 6.476983323349310012e+03 2.505336468277559834e+04 1.640340937501010066e+00
1.000218106675359930e+00 6.097399839192630025e+05 1.841177918168059852e-08 -2.039030389156440735e-07 4.170566197721210301e+03 2.505188596081919968e+04 1.641309013209419909e+00
1.000275372717239986e+00 6.104691817884220509e+05 1.185253474694019944e-08 -1.307964382176521595e-07 2.684792339399719822e+03 2.505027976671850047e+04 1.645239769355349990e+00
1.000332705024679969e+00 6.109793453291029437e+05 7.626818015337899850e-09 -8.433902260704928177e-08 1.727596619772399890e+03 2.504959086374099934e+04 1.647985391051979942e+00
1.000390074714579969e+00 6.112097284088380402e+05 4.905680415895560168e-09 -5.419274558899193260e-08 1.111215657062339915e+03 2.504920939635259856e+04 1.649233588908580073e+00
1.000447462279610011e+00 6.113204084617060144e+05 3.155297665569649811e-09 -3.486205953929732815e-08 7.147250763072339623e+02 2.504913476040109890e+04 1.649822520287989924e+00
1.000504857754410004e+00 6.116235151552259922e+05 2.029304773218469976e-09 -2.244142479935632643e-08 4.596698525123700279e+02 2.504867300501600039e+04 1.651463449837540010e+00
1.000562267978359898e+00 6.114561034362269565e+05 1.304865828843530053e-09 -1.437168562672962047e-08 2.955735163103170180e+02 2.504823606525269861e+04 1.650556722972829959e+00
1.000619645642220057e+00 6.108796517336959951e+05 8.393207047734729602e-10 -9.405520912609851741e-09 1.901195501045660023e+02 2.504758324438890122e+04 1.647448545544160092e+00
1.000676963449089962e+00 6.101525709290549858e+05 5.401113126381290436e-10 -5.576354811476885700e-09 1.223443679121020011e+02 2.504656042552350118e+04 1.643523384068549920e+00
1.000734222322890110e+00 6.096280778128070524e+05 3.694047370627490162e-10 -3.588966806858715782e-09 8.367622076910740248e+01 2.499831736330040076e+04 1.640705405474879974e+00
1.000791446547419916e+00 6.096282486965589924e+05 2.378983419759359845e-10 -2.789887781767227337e-09 5.388781046133910024e+01 2.499832804353499887e+04 1.640706057344659907e+00
1.000848676815879967e+00 6.096282176756280242e+05 1.531902071213029992e-10 -1.631385095895549423e-09 3.470005100630889672e+01 2.499832610472670058e+04 1.640705939009200032e+00
1.000905907076609980e+00 6.096281453633490019e+05 9.864349771731779612e-11 -1.113569211088234997e-09 2.234437087545990153e+01 2.499832158520930170e+04 1.640705663159750083e+00
1.000963137333539921e+00 6.096280317599220434e+05 6.351967278064270310e-11 -6.929159993088086956e-10 1.438822008066519942e+01 2.499831448499509861e+04 1.640705229797059905e+00
1.001020367584499970e+00 6.096282421304510208e+05 4.090499151660299944e-11 -4.553910476989106527e-10 9.265646045907210748e+00 2.499832763315319971e+04 1.640706032296950001e+00
1.001077597851359968e+00 6.096281959916460328e+05 2.633991158739660152e-11 -2.897863157892729549e-10 5.966420732063649979e+00 2.499832474947789888e+04 1.640705856291369891e+00
1.001134828113209974e+00 6.096281085614729673e+05 1.696105858832530130e-11 -1.879247489280270961e-10 3.841952383818460159e+00 2.499831928509199861e+04 1.640705522771729985e+00
1.001192058370339977e+00 6.096279798401979497e+05 1.092177497707129970e-11 -1.204959764189639827e-10 2.473949721686900194e+00 2.499831124001240096e+04 1.640705031739039921e+00
1.001249288613649924e+00 6.096282300294389715e+05 7.033328481528019940e-12 -7.778406979942131493e-11 1.593161575127149954e+00 2.499832687684000120e+04 1.640705986135249983e+00
1.001306518876049934e+00 6.096281687730420381e+05 4.528968703841229960e-12 -5.002513401006425765e-11 1.025885095054539953e+00 2.499832304831509828e+04 1.640705752460640099e+00
1.001363749135260051e+00 6.096280662253790069e+05 2.916331980830690199e-12 -3.223437852559333546e-11 6.605974445397519990e-01 2.499831663908619885e+04 1.640705361272349894e+00
1.001420979388969901e+00 6.096282474761069752e+05 1.878046011601890044e-12 -2.074704602224851563e-11 4.254076108346709906e-01 2.499832796725670050e+04 1.640706052689010042e+00
1.001478209656569973e+00 6.096282123931320384e+05 1.209331932357339943e-12 -1.336635721174399248e-11 2.739331390766709950e-01 2.499832577457070147e+04 1.640705918858079926e+00
1.001535439916650061e+00 6.096281360188469989e+05 7.787244389792280202e-13 -8.604266377506943287e-12 1.763932154035739996e-01 2.499832100117790105e+04 1.640705627513300069e+00
1.001592670172700039e+00 6.096280183534589596e+05 5.014435217535210200e-13 -5.542408595370439352e-12 1.135850235642310024e-01 2.499831364709119953e+04 1.640705178655470053e+00
1.001649900422499906e+00 6.096282394228229532e+05 3.229173264462310134e-13 -3.564674675158423130e-12 7.314600647155070079e-02 2.499832746392639820e+04 1.640706021968169948e+00
1.001707130689710068e+00 6.096281892220110167e+05 2.079357856297359888e-13 -2.100022253232080065e-12 4.710077895571580103e-02 2.499832432637569946e+04 1.640705830467259929e+00
