 9.50657491462913E-01 7.71822631914171E+06 7.72984974441913E-03 2.76903937387007E+11  3.03109286370560E+04 1.66294523823593E+00 
 9.51092493126702E-01 7.67836229886305E+06 7.61123097253678E-03 2.69869601507586E+11  3.02835174953210E+04 1.66278408871551E+00 
 9.51525242675278E-01 7.63846403810357E+06 7.49389147001524E-03 2.62984809726695E+11  3.02560965493327E+04 1.66260492292273E+00 
 9.51955737915798E-01 7.59861056601662E+06 7.37786923101364E-03 2.56247452423220E+11  3.02289104434939E+04 1.66241253424507E+00 
 9.52383981383081E-01 7.55873061462722E+06 7.26313905691263E-03 2.49655316489209E+11  3.02018847916341E+04 1.66220083143264E+00 
 9.52809971588798E-01 7.51888917020170E+06 7.14973774450162E-03 2.43205852397628E+11  3.01751521414167E+04 1.66196863786728E+00 
 9.53233710305626E-01 7.47902788458321E+06 7.03760709603728E-03 2.36897099729745E+11  3.01485751041477E+04 1.66170781990284E+00 
 9.53655195762803E-01 7.43914267371924E+06 6.92674202420546E-03 2.30725624442825E+11  3.01219575064682E+04 1.66141628662479E+00 
 9.54074427141112E-01 7.39920759056746E+06 6.81712536777294E-03 2.24688582824411E+11  3.00955815745530E+04 1.66109419605866E+00 
 9.54491402597876E-01 7.35935300761898E+06 6.70879403142163E-03 2.18785665785309E+11  3.00696319278636E+04 1.66075339685681E+00 
 9.54906126765358E-01 7.31948183848076E+06 6.60162664307227E-03 2.13012430321205E+11  3.00436375189862E+04 1.66038801053502E+00 
 9.55318598996836E-01 7.27967122817891E+06 6.49566994945717E-03 2.07366880476421E+11  3.00178431662948E+04 1.66000420331135E+00 
 9.55728823045606E-01 7.23990346428317E+06 6.39095617693265E-03 2.01848414733797E+11  2.99923103404748E+04 1.65961852635519E+00 
 9.56136800962708E-01 7.20018481245085E+06 6.28747061078639E-03 1.96453022292401E+11  2.99668508104946E+04 1.65921756315824E+00 
 9.56542535611304E-01 7.16046816713658E+06 6.18511179787608E-03 1.91178015864444E+11  2.99414638250555E+04 1.65880332269530E+00 
 9.56946027776354E-01 7.12085342150768E+06 6.08396189657898E-03 1.86022967564024E+11  2.99163648338046E+04 1.65838347365986E+00 
 9.57347283320783E-01 7.08128219602067E+06 5.98397709084107E-03 1.80984271094145E+11  2.98914907253122E+04 1.65796219193370E+00 
 9.57746304325213E-01 7.04178760446164E+06 5.88519932534476E-03 1.76060959616898E+11  2.98668315439711E+04 1.65753711041340E+00 
 9.58143094913239E-01 7.00230777438307E+06 5.78756591203891E-03 1.71249818756390E+11  2.98422004471604E+04 1.65710045606964E+00 
 9.58537656355082E-01 6.96290437180613E+06 5.69107110733072E-03 1.66547923019866E+11  2.98176082345984E+04 1.65666071985484E+00 
 9.58929993003579E-01 6.92357646580852E+06 5.59572981356251E-03 1.61956366256989E+11  2.97934234487605E+04 1.65622453797201E+00 
 9.59320108365381E-01 6.88427045002924E+06 5.50152434944647E-03 1.57470198162996E+11  2.97692734659150E+04 1.65577046670061E+00 
 9.59708003343109E-01 6.84498733307294E+06 5.40847321458096E-03 1.53088019194446E+11  2.97453891902301E+04 1.65530895451338E+00 
 9.60093679580858E-01 6.80573065264087E+06 5.31660548109603E-03 1.48808649838071E+11  2.97216333935919E+04 1.65483520653620E+00 
 9.60477139222169E-01 6.76654148669504E+06 5.22584724831030E-03 1.44629610011659E+11  2.96980734481232E+04 1.65436768412901E+00 
 9.60858386183133E-01 6.72742579578231E+06 5.13619543176084E-03 1.40548674290550E+11  2.96745610181378E+04 1.65390687496751E+00 
 9.61237423650264E-01 6.68834580460050E+06 5.04765941129375E-03 1.36564963317122E+11  2.96513433191341E+04 1.65343301376596E+00 
 9.61614252352773E-01 6.64923552673814E+06 4.96022053384379E-03 1.32675346652277E+11  2.96281927412326E+04 1.65293025234724E+00 
 9.61988869587908E-01 6.61008261874398E+06 4.87389402326143E-03 1.28879039910106E+11  2.96052202691475E+04 1.65237354085853E+00 
 9.62361272944334E-01 6.57083718579584E+06 4.78865484072986E-03 1.25173603795003E+11  2.95823403231882E+04 1.65174643684951E+00 
 9.62731458372341E-01 6.53161013874972E+06 4.70447458514397E-03 1.21557550305954E+11  2.95596212569522E+04 1.65108538727924E+00 
 9.63099427364552E-01 6.49239493512219E+06 4.62134851889248E-03 1.18029744239755E+11  2.95372592244530E+04 1.65039179423625E+00 
 9.63465179792862E-01 6.45315988714628E+06 4.53927012823057E-03 1.14587603212777E+11  2.95149651361422E+04 1.64964835440978E+00 
 9.63828713891045E-01 6.41386261126638E+06 4.45820036737993E-03 1.11229540300811E+11  2.94927593309939E+04 1.64884403342622E+00 
 9.64190026127665E-01 6.37452797627090E+06 4.37819356783680E-03 1.07954516219339E+11  2.94707516436816E+04 1.64796998886281E+00 
 9.64549114615748E-01 6.33514584762649E+06 4.29920092920815E-03 1.04760590241501E+11  2.94489917402892E+04 1.64703544487064E+00 
 9.64905977292996E-01 6.29574346713790E+06 4.22117339034154E-03 1.01645679399006E+11  2.94272166439233E+04 1.64602713461873E+00 
 9.65260613878891E-01 6.25636358021381E+06 4.14413672941200E-03 9.86095655226025E+10  2.94056768981648E+04 1.64497815610464E+00 
 9.65613025778020E-01 6.21701567268734E+06 4.06807885846667E-03 9.56493449606528E+10  2.93843418726031E+04 1.64387914449099E+00 
 9.65963214984295E-01 6.17765781927781E+06 3.99299007023287E-03 9.27639160478729E+10  2.93629863119646E+04 1.64273868248206E+00 
 9.66311181358930E-01 6.13839023567772E+06 3.91891963971703E-03 8.99525676483462E+10  2.93420539818372E+04 1.64156685791430E+00 
 9.66656929643614E-01 6.09911397461525E+06 3.84577578277953E-03 8.72126221052161E+10  2.93211119549743E+04 1.64035493791709E+00 
 9.67000459740751E-01 6.05987756890705E+06 3.77356241922953E-03 8.45429418262988E+10  2.93003103644845E+04 1.63909029762528E+00 
 9.67341774691295E-01 6.02073601290187E+06 3.70227751122333E-03 8.19424829095678E+10  2.92797509485675E+04 1.63778901229705E+00 
 9.67680879969376E-01 5.98164321525642E+06 3.63194090654897E-03 7.94099317381534E+10  2.92594374971372E+04 1.63646328582899E+00 
 9.68017778599856E-01 5.94265310773378E+06 3.56252251197296E-03 7.69431174464422E+10  2.92391468402680E+04 1.63511245091971E+00 
 9.68352476636178E-01 5.90374118465637E+06 3.49401245011100E-03 7.45408189431959E+10  2.92189107658315E+04 1.63374534728362E+00 
 9.68684978684076E-01 5.86493868684935E+06 3.42645366496538E-03 7.22022868983223E+10  2.91989447823256E+04 1.63237572694988E+00 
 9.69015291105579E-01 5.82623367746173E+06 3.35976908638864E-03 6.99254601644731E+10  2.91790222117671E+04 1.63098649639989E+00 
 9.69343419818886E-01 5.78764442664289E+06 3.29396599736458E-03 6.77094688077986E+10  2.91593587122000E+04 1.62957275351117E+00 
 9.69669371330218E-01 5.74920360924186E+06 3.22906624148771E-03 6.55532997351640E+10  2.91399319982972E+04 1.62816055657438E+00 
 9.69993153395928E-01 5.71082365570768E+06 3.16501812523979E-03 6.34545720313672E+10  2.91203692965528E+04 1.62671865949774E+00 
 9.70314768783248E-01 5.67255841087427E+06 3.10191211581713E-03 6.14132206676075E+10  2.91012853071296E+04 1.62526902429309E+00 
 9.70634222824575E-01 5.63429224826589E+06 3.03971242755683E-03 5.94271764587945E+10  2.90821506650334E+04 1.62377470711183E+00 
 9.70951515177314E-01 5.59604159141140E+06 2.97842978217926E-03 5.74955329026292E+10  2.90631554024464E+04 1.62223981100219E+00 
 9.71266646946106E-01 5.55784576003505E+06 2.91803136178771E-03 5.56171726536327E+10  2.90444244294763E+04 1.62065740323303E+00 
 9.71579621041652E-01 5.51964272717459E+06 2.85849392141779E-03 5.37906616079847E+10  2.90257199319893E+04 1.61902750437088E+00 
 9.71890437239548E-01 5.48149118023422E+06 2.79983292471651E-03 5.20150564292963E+10  2.90072478642450E+04 1.61734241193228E+00 
 9.72199098124039E-01 5.44336052666339E+06 2.74205320069288E-03 5.02889909837980E+10  2.89888064625558E+04 1.61560413786742E+00 
 9.72505604413503E-01 5.40520898321250E+06 2.68512815673775E-03 4.86117839481773E+10  2.89707124718487E+04 1.61379000355218E+00 
 9.72809955793989E-01 5.36708452220564E+06 2.62902194862365E-03 4.69819137099632E+10  2.89525745630058E+04 1.61191243598093E+00 
 9.73112155516749E-01 5.32905365237758E+06 2.57374866972725E-03 4.53984840683600E+10  2.89345624806909E+04 1.61000129828564E+00 
 9.73412209893779E-01 5.29117833609383E+06 2.51930008097984E-03 4.38604155532852E+10  2.89169301754627E+04 1.60809471163300E+00 
 9.73710127055087E-01 5.25341402121803E+06 2.46565782045923E-03 4.23667116665607E+10  2.88991915646067E+04 1.60615907133008E+00 
 9.74005912928393E-01 5.21569652492098E+06 2.41280091749933E-03 4.09160761316902E+10  2.88816814559339E+04 1.60418017007295E+00 
 9.74299571665969E-01 5.17814825910029E+06 2.36073562954313E-03 3.95077299973199E+10  2.88643017654075E+04 1.60218559202771E+00 
 9.74591114475378E-01 5.14079923386237E+06 2.30944824298284E-03 3.81407206111744E+10  2.88470745560029E+04 1.60021654756552E+00 
 9.74880553063482E-01 5.10370090885766E+06 2.25893383922296E-03 3.68138577714189E+10  2.88299701979648E+04 1.59831614820720E+00 
 9.75167900701656E-01 5.06678462002881E+06 2.20919593551633E-03 3.55263926945211E+10  2.88130375200638E+04 1.59641633843726E+00 
 9.75453167549006E-01 5.03001143536507E+06 2.16019988971140E-03 3.42770888915063E+10  2.87962459535082E+04 1.59451442963369E+00 
 9.75736363525463E-01 4.99350743911170E+06 2.11196332135989E-03 3.30651615226038E+10  2.87795650198937E+04 1.59267193362752E+00 
 9.76017505830440E-01 4.95731647360619E+06 2.06447712602937E-03 3.18897660588672E+10  2.87629536712888E+04 1.59093599317047E+00 
 9.76296612368729E-01 4.92150706047066E+06 2.01773813687556E-03 3.07497519059009E+10  2.87466384562356E+04 1.58933900768755E+00 
 9.76573703118540E-01 4.88593080469728E+06 1.97173567804876E-03 2.96444345531139E+10  2.87303210530320E+04 1.58781592902396E+00 
 9.76848791057821E-01 4.85059437173023E+06 1.92647036885685E-03 2.85726341338547E+10  2.87140507026760E+04 1.58636439264335E+00 
 9.77121890649775E-01 4.81560118138708E+06 1.88194241908415E-03 2.75337959175708E+10  2.86980895300741E+04 1.58504025827855E+00 
 9.77393020805161E-01 4.78086708339823E+06 1.83815347937281E-03 2.65269126429968E+10  2.86822156589314E+04 1.58383052103429E+00 
 9.77662194884863E-01 4.74639090780466E+06 1.79509813514279E-03 2.55512774967893E+10  2.86665766529183E+04 1.58270133162490E+00 
 9.77929426282847E-01 4.71207783868734E+06 1.75275854972220E-03 2.46057800292223E+10  2.86508857024313E+04 1.58164910214132E+00 
 9.78194723722020E-01 4.67795229886749E+06 1.71117695221483E-03 2.36899209251881E+10  2.86353077721370E+04 1.58067933914483E+00 
 9.78458097774428E-01 4.64398895342844E+06 1.67033890277059E-03 2.28027531834753E+10  2.86198927838094E+04 1.57979004330533E+00 
 9.78719558076840E-01 4.61021094200610E+06 1.63023417232744E-03 2.19436255145684E+10  2.86046876265268E+04 1.57899975448327E+00 
 9.78979116189926E-01 4.57666280391665E+06 1.59083934364973E-03 2.11117230997571E+10  2.85895509644629E+04 1.57834245422764E+00 
 9.79236785666124E-01 4.54338576968169E+06 1.55215754704092E-03 2.03063570529495E+10  2.85745141741570E+04 1.57784285596676E+00 
 9.79492581760773E-01 4.51033338614566E+06 1.51415718633902E-03 1.95266703586240E+10  2.85594851994569E+04 1.57746992532825E+00 
 9.79746518965016E-01 4.47754860544961E+06 1.47685229483696E-03 1.87721454156322E+10  2.85448428572632E+04 1.57725709934558E+00 
 9.79998633925320E-01 4.44524000288292E+06 1.44007069306576E-03 1.80419306462573E+10  2.85285814978805E+04 1.57721469777916E+00 
 9.80248972115236E-01 4.41596263218659E+06 1.40226361089496E-03 1.73358826005743E+10  2.85001601074057E+04 1.57736403617242E+00 
 9.80497684158402E-01 4.38704052603098E+06 1.36516668124787E-03 1.66535745348572E+10  2.84675555166607E+04 1.57768733968756E+00 
 9.80744770540193E-01 4.35840952605621E+06 1.32884766979218E-03 1.59945764266782E+10  2.84336146252731E+04 1.57818407939928E+00 
 9.80990247165192E-01 4.33005922617039E+06 1.29330082661148E-03 1.53581115994109E+10  2.83987029714596E+04 1.57887670084693E+00 
 9.81234129657795E-01 4.30199873564653E+06 1.25850638602046E-03 1.47434632165889E+10  2.83631636657606E+04 1.57977796479071E+00 
 9.81476433690614E-01 4.27418702219622E+06 1.22444987715909E-03 1.41500208629129E+10  2.83272364791444E+04 1.58085132667906E+00 
 9.81717170707154E-01 4.24659848424331E+06 1.19112338546171E-03 1.35772236707022E+10  2.82908098121917E+04 1.58207550943397E+00 
 9.81956349978912E-01 4.21895812600020E+06 1.15850827948641E-03 1.30242990880945E+10  2.82542102595172E+04 1.58326634581539E+00 
 9.82193969380738E-01 4.19136961414941E+06 1.12659807295556E-03 1.24907736476471E+10  2.82172760657332E+04 1.58449828870968E+00 
 9.82430034352290E-01 4.16400748518919E+06 1.09538374829417E-03 1.19760938921362E+10  2.81803570245988E+04 1.58588946892471E+00 
 9.82664557156311E-01 4.13677559144629E+06 1.06484954022492E-03 1.14796072034721E+10  2.81432314921792E+04 1.58739441699187E+00 
 9.82897543385613E-01 4.10962070705161E+06 1.03498123313289E-03 1.10008069906725E+10  2.81060160949537E+04 1.58895470324799E+00 
 9.83128996009151E-01 4.08249498978506E+06 1.00577442580651E-03 1.05391747312964E+10  2.80688191225776E+04 1.59053939206147E+00 
 9.83358915867635E-01 4.05535194444547E+06 9.77213174978099E-04 1.00941510579792E+10  2.80315607235179E+04 1.59212039344734E+00 
 9.83587301506638E-01 4.02821765719470E+06 9.49284533174373E-04 9.66522933897300E+09  2.79942479436697E+04 1.59371344998524E+00 
 9.83814152286627E-01 4.00101924186748E+06 9.21984322193103E-04 9.25199616602857E+09  2.79569982482182E+04 1.59525921083829E+00 
 9.84039462457626E-01 3.97371754447500E+06 8.95306532099015E-04 8.85393637540729E+09  2.79197238931936E+04 1.59672508569544E+00 
 9.84263224228565E-01 3.94616391467848E+06 8.69228365626331E-04 8.47053935968367E+09  2.78825258018637E+04 1.59798902968460E+00 
 9.84485423358139E-01 3.91841829871888E+06 8.43752400849533E-04 8.10150320703030E+09  2.78454482018606E+04 1.59908025540011E+00 
 9.84706049279097E-01 3.89050572139904E+06 8.18869860489101E-04 7.74633553417392E+09  2.78084787304420E+04 1.60003656485232E+00 
 9.84925091201103E-01 3.86235779080806E+06 7.94564318111648E-04 7.40456700642554E+09  2.77714961402061E+04 1.60079751156179E+00 
 9.85142534299852E-01 3.83389647337668E+06 7.70831211015486E-04 7.07583723007579E+09  2.77347060327743E+04 1.60125874768875E+00 
 9.85358360439580E-01 3.80513005849101E+06 7.47664114164213E-04 6.75975122025136E+09  2.76980305100994E+04 1.60145781163712E+00 
 9.85572552638932E-01 3.77605835044487E+06 7.25052506820111E-04 6.45591233874079E+09  2.76613560255664E+04 1.60135457271522E+00 
 9.85785093352986E-01 3.74671007455537E+06 7.02988736757685E-04 6.16395211333113E+09  2.76248901240717E+04 1.60099476871698E+00 
 9.85995965612995E-01 3.71698758966067E+06 6.81468187373982E-04 5.88351606321314E+09  2.75886655849146E+04 1.60025429002113E+00 
 9.86205146869423E-01 3.68686975768841E+06 6.60473804840831E-04 5.61418677010374E+09  2.75525803682519E+04 1.59913757532196E+00 
 9.86412614257182E-01 3.65629730470366E+06 6.40007348805313E-04 5.35567658215910E+09  2.75165942700517E+04 1.59755132053615E+00 
 9.86618342760600E-01 3.62533517850884E+06 6.20058707744039E-04 5.10761814696806E+09  2.74808366323202E+04 1.59554411248215E+00 
 9.86822311626331E-01 3.59400603780977E+06 6.00617162993072E-04 4.86968345583785E+09  2.74452804432251E+04 1.59313908896449E+00 
 9.87024501119274E-01 3.56237881089381E+06 5.81677745697921E-04 4.64152527920191E+09  2.74098547831562E+04 1.59038259706750E+00 
 9.87224894448426E-01 3.53043500370391E+06 5.63230610347799E-04 4.42283776626860E+09  2.73747921889063E+04 1.58723819702637E+00 
 9.87423473531225E-01 3.49815214199074E+06 5.45268840871225E-04 4.21328740599907E+09  2.73399385139611E+04 1.58368213394965E+00 
 9.87620219349890E-01 3.46556574421744E+06 5.27780348745513E-04 4.01256673780190E+09  2.73052194834825E+04 1.57972571585934E+00 
 9.87815114672595E-01 3.43264698139797E+06 5.10762385433141E-04 3.82036474716299E+09  2.72707645666401E+04 1.57533657100123E+00 
 9.88008141800380E-01 3.39940756942281E+06 4.94202508555430E-04 3.63638665238405E+09  2.72365823516311E+04 1.57051171181107E+00 
 9.88199284141526E-01 3.36600280590642E+06 4.78098009464531E-04 3.46037375238969E+09  2.72026553384079E+04 1.56539277610124E+00 
 9.88388533245864E-01 3.33232643730935E+06 4.62435072170226E-04 3.29199215891656E+09  2.71690256908270E+04 1.55986533268218E+00 
 9.88575874619051E-01 3.29856377419663E+06 4.47207067537235E-04 3.13097358246400E+09  2.71355217187514E+04 1.55409902096887E+00 
 9.88761303777945E-01 3.26456871551909E+06 4.32402473794656E-04 2.97704279431208E+09  2.71023299925883E+04 1.54794887429203E+00 
 9.88944809438724E-01 3.23050694316300E+06 4.18017871619837E-04 2.82996330527813E+09  2.70694346145492E+04 1.54154554525892E+00 
 9.89126389006851E-01 3.19644784891411E+06 4.04041476687161E-04 2.68945090367053E+09  2.70368839034633E+04 1.53496381865146E+00 
 9.89306042104773E-01 3.16225860346733E+06 3.90463815568056E-04 2.55523848664936E+09  2.70045339539815E+04 1.52807164864427E+00 
 9.89483762429535E-01 3.12806162769343E+06 3.77277467015372E-04 2.42710263816497E+09  2.69725871829423E+04 1.52097416606165E+00 
 9.89659559172412E-01 3.09388657401532E+06 3.64471916547339E-04 2.30478373822219E+09  2.69406943004962E+04 1.51371428694302E+00 
 9.89833489594182E-01 3.06088677367100E+06 3.52037054139361E-04 2.18802746761808E+09  2.69093040742272E+04 1.50740874077523E+00 
 9.90005657374132E-01 3.03454648750919E+06 3.39952991956726E-04 2.07652120643502E+09  2.68780097050425E+04 1.50755136950495E+00 
 9.90176381446026E-01 3.00810479147009E+06 3.28196253932514E-04 1.96990566972110E+09  2.68471991940781E+04 1.50755548134048E+00 
 9.90345611132460E-01 2.98167209108861E+06 3.16758820371551E-04 1.86799362822533E+09  2.68163043115231E+04 1.50755412185172E+00 
 9.90513347983667E-01 2.95527806393433E+06 3.05636233059201E-04 1.77063212471576E+09  2.67857586563465E+04 1.50755473995907E+00 
 9.90679594267274E-01 2.92890944983695E+06 2.94822069251462E-04 1.67764241635039E+09  2.67554357500502E+04 1.50755353452122E+00 
 9.90844351367737E-01 2.90257525541322E+06 2.84310073255041E-04 1.58886167776165E+09  2.67253720167984E+04 1.50755577252856E+00 
 9.91007621242964E-01 2.87626323246770E+06 2.74092497026757E-04 1.50412205901411E+09  2.66954794215352E+04 1.50755651325118E+00 
 9.91169405166979E-01 2.84999080632720E+06 2.64165404993568E-04 1.42327689048847E+09  2.66658769807685E+04 1.50755733152795E+00 
 9.91329705294823E-01 2.82373823963660E+06 2.54520354173598E-04 1.34616645995909E+09  2.66364407544013E+04 1.50755730874203E+00 
 9.91488522792062E-01 2.79751635818365E+06 2.45152588060405E-04 1.27265066403031E+09  2.66072021866383E+04 1.50755413288724E+00 
 9.91645859462884E-01 2.77132880744225E+06 2.36056665220893E-04 1.20259414137093E+09  2.65782754743197E+04 1.50755711773823E+00 
 9.91801717115057E-01 2.74516777246216E+06 2.27225653233081E-04 1.13585159179589E+09  2.65496112592943E+04 1.50755474428902E+00 
 9.91956097248989E-01 2.71902680728541E+06 2.18654030934793E-04 1.07229011213659E+09  2.65210325647208E+04 1.50755223304520E+00 
 9.92109001066561E-01 2.69292653552100E+06 2.10337282737233E-04 1.01179071706338E+09  2.64928165326326E+04 1.50755826954703E+00 
 9.92260430813725E-01 2.66684179304683E+06 2.02267145885285E-04 9.54218266609579E+08  2.64647799368210E+04 1.50755018956482E+00 
 9.92410387381660E-01 2.64079513614297E+06 1.94441684714074E-04 8.99466192567157E+08  2.64370304225478E+04 1.50755501209211E+00 
 9.92558872868358E-01 2.61476804238421E+06 1.86853165350547E-04 8.47410660153105E+08  2.64095455478376E+04 1.50755481271849E+00 
 9.92705888373479E-01 2.58876799274633E+06 1.79496584402041E-04 7.97940699722329E+08  2.63822278916972E+04 1.50755235138312E+00 
 9.92851435526534E-01 2.56279719429158E+06 1.72367093222907E-04 7.50950283082384E+08  2.63550952031224E+04 1.50755084311861E+00 
 9.92995515984393E-01 2.53685823734046E+06 1.65459885909145E-04 7.06335498134615E+08  2.63283705903934E+04 1.50755544532252E+00 
 9.93138131410103E-01 2.51094446323767E+06 1.58769540695316E-04 6.63996482692599E+08  2.63018629231098E+04 1.50756021907750E+00 
 9.93279283124909E-01 2.48504764171718E+06 1.52289962197702E-04 6.23830968960761E+08  2.62754478338039E+04 1.50755631443102E+00 
 9.93418972200964E-01 2.45917632039173E+06 1.46017599637950E-04 5.85750111487820E+08  2.62493093120208E+04 1.50755306010585E+00 
 9.93557200202900E-01 2.43333741244628E+06 1.39947552421297E-04 5.49664837702529E+08  2.62235891143312E+04 1.50755429717663E+00 
 9.93693968858636E-01 2.40752629665738E+06 1.34074254167913E-04 5.15482516086746E+08  2.61979181009114E+04 1.50755386347161E+00 
 9.93829279733614E-01 2.38173107401165E+06 1.28393505617334E-04 4.83122385671348E+08  2.61726026837152E+04 1.50755349707856E+00 
 9.93963133761693E-01 2.35597907203524E+06 1.22901779848960E-04 4.52505809110497E+08  2.61475223988273E+04 1.50756015092477E+00 
 9.94095533223502E-01 2.33023266552242E+06 1.17592114465009E-04 4.23548911047485E+08  2.61227083809286E+04 1.50755625775978E+00 
 9.94226478473558E-01 2.30451766285287E+06 1.12462045182820E-04 3.96179837566470E+08  2.60981836441779E+04 1.50755658121254E+00 
 9.94355971318359E-01 2.27882442268688E+06 1.07506530751134E-04 3.70323830486296E+08  2.60738155668040E+04 1.50755847188387E+00 
 9.94484012927179E-01 2.25315181807824E+06 1.02721123015938E-04 3.45913347869899E+08  2.60497400121946E+04 1.50755688875226E+00 
 9.94610604575064E-01 2.22750290319108E+06 9.81013693904914E-05 3.22879600651637E+08  2.60257492046629E+04 1.50755226184978E+00 
 9.94735747627259E-01 2.20188792801674E+06 9.36442296000914E-05 3.01160228754954E+08  2.60023084917414E+04 1.50755700620645E+00 
 9.94859443855382E-01 2.17628746185832E+06 8.93444043530785E-05 2.80690112400310E+08  2.59789918065060E+04 1.50755659176629E+00 
 9.94981694109351E-01 2.15070984535304E+06 8.51979062317173E-05 2.61409342725731E+08  2.59558764303616E+04 1.50755402865169E+00 
 9.95102499737183E-01 2.12516138653804E+06 8.12016220371343E-05 2.43262595323111E+08  2.59330510466950E+04 1.50755729677491E+00 
 9.95221862299188E-01 2.09962962619527E+06 7.73509200234981E-05 2.26192612581512E+08  2.59104319752410E+04 1.50755338336269E+00 
 9.95339782785978E-01 2.07412107438828E+06 7.36422116082226E-05 2.10146547897517E+08  2.58881292319355E+04 1.50755370062768E+00 
 9.95456262521779E-01 2.04864134343913E+06 7.00718863275989E-05 1.95074140441211E+08  2.58661038651579E+04 1.50755548477173E+00 
 9.95571302996570E-01 2.02317500244195E+06 6.66358836043615E-05 1.80925817213373E+08  2.58443394684407E+04 1.50755730776875E+00 
 9.95684904987962E-01 1.99772800412469E+06 6.33307140977387E-05 1.67653680711018E+08  2.58227751651200E+04 1.50755596160325E+00 
 9.95797069631451E-01 1.97230626833420E+06 6.01528675444270E-05 1.55214212707344E+08  2.58014828702787E+04 1.50755413405773E+00 
 9.95907798406170E-01 1.94689839417094E+06 5.70985679278464E-05 1.43562552261135E+08  2.57803930074798E+04 1.50755002527188E+00 
 9.96017092087175E-01 1.92152849395731E+06 5.41651362432841E-05 1.32659479652932E+08  2.57597082412845E+04 1.50755315484962E+00 
 9.96124952681409E-01 1.89615873475972E+06 5.13482332637868E-05 1.22462724932119E+08  2.57392296663266E+04 1.50755557688615E+00 
 9.96231380277794E-01 1.87082172702094E+06 4.86450452948025E-05 1.12935328787591E+08  2.57189582988073E+04 1.50755453109741E+00 
 9.96336376774512E-01 1.84550031143821E+06 4.60521281180011E-05 1.04041108419037E+08  2.56989618668126E+04 1.50755285457199E+00 
 9.96439942979056E-01 1.82020410663495E+06 4.35664052864499E-05 9.57451937114070E+07  2.56791918275873E+04 1.50755354902622E+00 
 9.96542080303196E-01 1.79492026395961E+06 4.11845920520420E-05 8.80137597106767E+07  2.56598630664147E+04 1.50755988267686E+00 
 9.96642789425395E-01 1.76966335693155E+06 3.89035839259370E-05 8.08153359635608E+07  2.56406142302019E+04 1.50755875618525E+00 
 9.96742071752080E-01 1.74441414172992E+06 3.67204596143037E-05 7.41195529008056E+07  2.56216004044784E+04 1.50755289244799E+00 
 9.96839927795936E-01 1.71918086700712E+06 3.46320804480871E-05 6.78970498002615E+07  2.56028120858811E+04 1.50755243510325E+00 
 9.96936358627243E-01 1.69397634009847E+06 3.26357346954203E-05 6.21206974071852E+07  2.55845409838801E+04 1.50755623251400E+00 
 9.97031365735795E-01 1.66879111837736E+06 3.07284010249767E-05 5.67635990481235E+07  2.55663337023155E+04 1.50755413226264E+00 
 9.97124950118924E-01 1.64361317650669E+06 2.89073184250748E-05 5.18008121621392E+07  2.55483891203365E+04 1.50755149322047E+00 
 9.97217112321194E-01 1.61846228704611E+06 2.71697095938784E-05 4.72084661363816E+07  2.55307697400795E+04 1.50755354527180E+00 
 9.97307853813021E-01 1.59332942259133E+06 2.55129055199718E-05 4.29633572987130E+07  2.55134587254276E+04 1.50755746728486E+00 
 9.97397175511816E-01 1.56820582430128E+06 2.39341829342619E-05 3.90439674097889E+07  2.54962418857225E+04 1.50755453109741E+00 
 9.97485078004538E-01 1.54310336363386E+06 2.24310325310705E-05 3.54297577570511E+07  2.54794218576007E+04 1.50755538177260E+00 
 9.97571562534213E-01 1.51801581375632E+06 2.10007864338847E-05 3.21010419208487E+07  2.54629222800218E+04 1.50755076098606E+00 
 9.97656629933014E-01 1.49295115233108E+06 1.96411110700972E-05 2.90391574236376E+07  2.54465866434709E+04 1.50755499770891E+00 
 9.97740281413799E-01 1.46789823166439E+06 1.83493483904314E-05 2.62264604850450E+07  2.54305255469912E+04 1.50755620216009E+00 
 9.97822517590245E-01 1.44286058520169E+06 1.71233061635246E-05 2.36462277025203E+07  2.54147201149395E+04 1.50755576504609E+00 
 9.97903339333301E-01 1.41783501882240E+06 1.59604758225869E-05 2.12825899515332E+07  2.53991758650529E+04 1.50755352144209E+00 
 9.97982747357781E-01 1.39282578082310E+06 1.48586430886910E-05 1.91206340357109E+07  2.53838530841425E+04 1.50754995028777E+00 
 9.98060742614457E-01 1.36783213098359E+06 1.38156548728682E-05 1.71461443154113E+07  2.53688806404489E+04 1.50755626822885E+00 
 9.98137325938631E-01 1.34285566194847E+06 1.28291642348246E-05 1.53455962190357E+07  2.53541387398454E+04 1.50755220984385E+00 
 9.98212498284837E-01 1.31788785465546E+06 1.18970478201479E-05 1.37065190958402E+07  2.53396837532516E+04 1.50754861136096E+00 
 9.98286260247708E-01 1.29294190258926E+06 1.10172951271650E-05 1.22169326966957E+07  2.53255560106517E+04 1.50755449252634E+00 
 9.98358612940968E-01 1.26801460159532E+06 1.01878076228366E-05 1.08655777590662E+07  2.53117976101168E+04 1.50755994753763E+00 
 9.98429557293962E-01 1.24308360075567E+06 9.40645084074895E-06 9.64174102893001E+06  2.52979646216783E+04 1.50755249932256E+00 
 9.98499093247842E-01 1.21817882040585E+06 8.67144506238623E-06 8.53572122961376E+06  2.52846165166444E+04 1.50755280699120E+00 
 9.98567222277334E-01 1.19328322540672E+06 7.98077281957054E-06 7.53805692868900E+06  2.52715276693486E+04 1.50755620248411E+00 
 9.98633944818994E-01 1.16840196860719E+06 7.33260573530741E-06 6.64001218842101E+06  2.52586143830722E+04 1.50755369957466E+00 
 9.98699261673711E-01 1.14352963603162E+06 6.72508157932706E-06 5.83340464555931E+06  2.52459982530713E+04 1.50755260693489E+00 
 9.98763173391043E-01 1.11867115266599E+06 6.15647576063832E-06 5.11052746956934E+06  2.52336850645714E+04 1.50755157644859E+00 
 9.98825680719724E-01 1.09382847367000E+06 5.62501564778288E-06 4.46424336817234E+06  2.52217152054991E+04 1.50755344932184E+00 
 9.98886784531994E-01 1.06898901743199E+06 5.12899620843772E-06 3.88784167488272E+06  2.52098129917190E+04 1.50755580238665E+00 
 9.98946485046635E-01 1.04417318213797E+06 4.66680497366945E-06 3.37513411028434E+06  2.51984136573224E+04 1.50755500793457E+00 
 9.99004783512449E-01 1.01935808526391E+06 4.23679584491881E-06 2.92025760846892E+06  2.51871093567577E+04 1.50755468500785E+00 
 9.99061680012294E-01 9.94558570860203E+05 3.83743536610476E-06 2.51785826021884E+06  2.51761131978459E+04 1.50755347946593E+00 
 9.99117175440644E-01 9.69772652232708E+05 3.46719935225525E-06 2.16294163378676E+06  2.51654430973771E+04 1.50755316510613E+00 
 9.99171270479857E-01 9.44993203278788E+05 3.12459831468893E-06 1.85088468049034E+06  2.51550215357570E+04 1.50755219178730E+00 
 9.99223965513998E-01 9.20224805402111E+05 2.80820545759985E-06 1.57741352905986E+06  2.51448814764145E+04 1.50755528841366E+00 
 9.99275261147004E-01 8.95468254442481E+05 2.51662754056433E-06 1.33858126365381E+06  2.51350068523064E+04 1.50755630566751E+00 
 9.99325158016876E-01 8.70715800141512E+05 2.24848968392014E-06 1.13076514717421E+06  2.51252954097289E+04 1.50754882229455E+00 
 9.99373656412683E-01 8.45978285361019E+05 2.00250602901961E-06 9.50650051342542E+05  2.51160027245863E+04 1.50755225560078E+00 
 9.99420757142508E-01 8.21250299484702E+05 1.77739011814464E-06 7.95171693017193E+05  2.51069645756096E+04 1.50755793731609E+00 
 9.99466460681336E-01 7.96528750402184E+05 1.57190697493273E-06 6.61542242256539E+05  2.50981462446682E+04 1.50755357841069E+00 
 9.99510767402476E-01 7.71816850468413E+05 1.38487087956725E-06 5.47223352005935E+05  2.50895392030993E+04 1.50755556437797E+00 
 9.99553677852009E-01 7.47113581382228E+05 1.21511894341457E-06 4.49903704193904E+05  2.50813093134306E+04 1.50755541553280E+00 
 9.99595192476914E-01 7.22419493170850E+05 1.06155516910828E-06 3.67490271994475E+05  2.50733143443566E+04 1.50755991965235E+00 
 9.99635311762484E-01 6.97730293979380E+05 9.23084542072795E-07 2.98087162825463E+05  2.50654188130466E+04 1.50755341446161E+00 
 9.99674035998096E-01 6.73050796427116E+05 7.98683706276039E-07 2.39993149048372E+05  2.50579132157143E+04 1.50756045194953E+00 
 9.99711365709293E-01 6.48378937159667E+05 6.87350289761206E-07 1.91674458038675E+05  2.50505202276316E+04 1.50755239301510E+00 
 9.99747301281431E-01 6.23713469020259E+05 5.88131483129034E-07 1.51765459599123E+05  2.50434672669853E+04 1.50755366229158E+00 
 9.99781918747376E-01 5.98999534345347E+05 4.99916404366739E-07 1.18981268355446E+05  2.50366129692245E+04 1.50755155993951E+00 
 9.99815391501734E-01 5.84368346252462E+05 4.07564616648350E-07 9.23197123215975E+04  2.50331262773366E+04 1.50755164447880E+00 
 9.99848311082901E-01 5.84367625038578E+05 3.16404586579252E-07 7.16708448378369E+04  2.50319148883997E+04 1.50755405448100E+00 
 9.99881438879006E-01 5.84311020360341E+05 2.45241874168568E-07 5.55511904753348E+04  2.50313126165248E+04 1.50726605766153E+00 
 9.99914716205646E-01 5.99576266970590E+05 1.89865513542291E-07 4.30075277812419E+04  2.50311107353839E+04 1.58704332555220E+00 
 9.99948811969381E-01 6.05901277363262E+05 1.46070676748645E-07 3.30873976189678E+04  2.50322639351262E+04 1.62070842025023E+00 
 9.99983132528261E-01 6.08155581863547E+05 1.12184033883645E-07 2.54114578306687E+04  2.50331829642077E+04 1.63278612698672E+00 
 1.00001752898510E+00 6.09154143607941E+05 8.61041600673966E-08 1.95039973292790E+04  2.50543718665849E+04 1.63816458532262E+00 
 1.00005196147327E+00 6.09416386935807E+05 6.60756393893877E-08 1.49671767102865E+04  2.50542135649532E+04 1.63956757182484E+00 
 1.00008640053576E+00 6.09507843379151E+05 5.06968650111332E-08 1.14836105903050E+04  2.50544692158385E+04 1.64005804681999E+00 
 1.00012084281032E+00 6.09504412362061E+05 3.89019935819069E-08 8.81192532005723E+03  2.50541405520932E+04 1.64004378956032E+00 
 1.00015528326078E+00 6.09581225266890E+05 2.98474753043688E-08 6.76092513155768E+03  2.50534201590167E+04 1.64045597189326E+00 
 1.00018972931592E+00 6.09360361101975E+05 2.29022715948761E-08 5.18773455273486E+03  2.50526973681397E+04 1.63926822253221E+00 
 1.00022417042233E+00 6.09829108195656E+05 1.75736278665984E-08 3.98070800901536E+03  2.50517389818657E+04 1.64178755514464E+00 
 1.00025864204629E+00 6.10281709171623E+05 1.34798585215370E-08 3.05340233685849E+03  2.50506171865570E+04 1.64422152818021E+00 
 1.00029313736392E+00 6.10651927463722E+05 1.03390086615590E-08 2.34195050404276E+03  2.50501081209382E+04 1.64621362029618E+00 
 1.00032765130488E+00 6.10939510694465E+05 7.92870476628413E-09 1.79598222837677E+03  2.50495937352122E+04 1.64777141643501E+00 
 1.00036217881617E+00 6.11149864971018E+05 6.07969145376501E-09 1.37715098579661E+03  2.50493573534249E+04 1.64891251715104E+00 
 1.00039671561738E+00 6.11218229814176E+05 4.66152537615520E-09 1.05591161879616E+03  2.50491820265596E+04 1.64928252584605E+00 
 1.00043125572723E+00 6.11279360200407E+05 3.57408738813870E-09 8.09588320956127E+02  2.50491409837680E+04 1.64960841427472E+00 
 1.00046580074703E+00 6.11416120580084E+05 2.74020028317133E-09 6.20699454580083E+02  2.50489770375923E+04 1.65033639653759E+00 
 1.00050035354785E+00 6.11614448622711E+05 2.10074116469359E-09 4.75852000990994E+02  2.50486724301616E+04 1.65141571287823E+00 
 1.00053491358957E+00 6.11624695697126E+05 1.61041923981527E-09 3.64785826162834E+02  2.50484215446144E+04 1.65147489180241E+00 
 1.00056946866640E+00 6.11390668751724E+05 1.23458236743148E-09 2.79652526531430E+02  2.50481074536484E+04 1.65021639306206E+00 
 1.00060400689528E+00 6.11048060948635E+05 9.46580578097398E-10 2.14415430318956E+02  2.50477792256924E+04 1.64836297367517E+00 
 1.00063852390910E+00 6.10652063604241E+05 7.25876029364295E-10 1.64422418678596E+02  2.50472464151406E+04 1.64622702840826E+00 
 1.00067301701200E+00 6.10207905453580E+05 5.56775767295828E-10 1.26118996180129E+02  2.50466518104876E+04 1.64382378819609E+00 
 1.00070748688518E+00 6.09695403301078E+05 4.24682656636714E-10 9.61977019950200E+01  2.50249210985161E+04 1.64106623037657E+00 
 1.00074193409884E+00 6.09628086230230E+05 3.48133679150148E-10 7.88577713924040E+01  2.49983178893894E+04 1.64070543758480E+00 
 1.00077638158103E+00 6.09628243528835E+05 2.67120642362802E-10 6.05071527722140E+01  2.49983277205522E+04 1.64070603763136E+00 
 1.00081082952787E+00 6.09628172510228E+05 2.04945462620547E-10 4.64233473841275E+01  2.49983232818892E+04 1.64070576671687E+00 
 1.00084527747048E+00 6.09628023142248E+05 1.57241456371146E-10 3.56177801474695E+01  2.49983139463905E+04 1.64070519692325E+00 
 1.00087972540707E+00 6.09628226870215E+05 1.20650325682816E-10 2.73292236681168E+01  2.49983266793884E+04 1.64070597408377E+00 
 1.00091417335497E+00 6.09628127492183E+05 9.25671136802756E-11 2.09679682891235E+01  2.49983204682615E+04 1.64070559498666E+00 
 1.00094862129693E+00 6.09628249334337E+05 7.10258917947842E-11 1.60885154616303E+01  2.49983280833960E+04 1.64070605977759E+00 
 1.00098306924429E+00 6.09628199946325E+05 5.44938625802573E-11 1.23437492617320E+01  2.49983249966453E+04 1.64070587137728E+00 
 1.00101751718865E+00 6.09628072208813E+05 4.18097826991004E-11 9.47057370855933E+00  2.49983170130508E+04 1.64070538409734E+00 
 1.00105196512782E+00 6.09628240505052E+05 3.20802404489115E-11 7.26670452610264E+00  2.49983275315657E+04 1.64070602609654E+00 
 1.00108641307443E+00 6.09628162757563E+05 2.46131420548872E-11 5.57529150371368E+00  2.49983226723477E+04 1.64070572951341E+00 
 1.00112086101641E+00 6.09628006660749E+05 1.88841362804222E-11 4.27756326676381E+00  2.49983129162968E+04 1.64070513405132E+00 
 1.00115530895215E+00 6.09628221410885E+05 1.44896568156374E-11 3.28214298244164E+00  2.49983263381803E+04 1.64070595325808E+00 
 1.00118975689975E+00 6.09628115304021E+05 1.11170220312849E-11 2.51817833957665E+00  2.49983197065013E+04 1.64070554849251E+00 
 1.00122420484115E+00 6.09628248168266E+05 8.52996579911748E-12 1.93217592872497E+00  2.49983280105166E+04 1.64070605532938E+00 
 1.00125865278841E+00 6.09628192051433E+05 6.54453936817620E-12 1.48244194282145E+00  2.49983245032146E+04 1.64070584126066E+00 
 1.00129310073227E+00 6.09628057585136E+05 5.02119918352421E-12 1.13738282966053E+00  2.49983160990710E+04 1.64070532831244E+00 
 1.00132754867061E+00 6.09628236903433E+05 3.85272659043086E-12 8.72705634623539E-01  2.49983273064646E+04 1.64070601235746E+00 
 1.00136199661699E+00 6.09628152427169E+05 2.95595371957534E-12 6.69572277630446E-01  2.49983220266980E+04 1.64070569010608E+00 
 1.00139644455836E+00 6.09627989601628E+05 2.26791567716537E-12 5.13720112760872E-01  2.49983118501017E+04 1.64070506897594E+00 
 1.00143089249316E+00 6.09628215373768E+05 1.74015865560384E-12 3.94173793147146E-01  2.49983259608605E+04 1.64070593022830E+00 
 1.00146534044047E+00 6.09628102538178E+05 1.33511289532546E-12 3.02424182351460E-01  2.49983189086361E+04 1.64070549979469E+00 
 1.00149978838127E+00 6.09628246424344E+05 1.02442019917407E-12 2.32047442207033E-01  2.49983279015215E+04 1.64070604867685E+00 
 1.00153423632835E+00 6.09628183578801E+05 7.85975223051229E-13 1.78035691096402E-01  2.49983239736750E+04 1.64070580894013E+00 
 1.00156868427170E+00 6.09628042383831E+05 6.03028939971969E-13 1.36595507919699E-01  2.49983151489894E+04 1.64070527032406E+00 
 1.00160313220924E+00 6.09628232724008E+05 4.62698493407840E-13 1.04808745648163E-01  2.49983270452505E+04 1.64070599641422E+00 
 1.00163758015527E+00 6.09628141519084E+05 3.54999449788576E-13 8.04131380595817E-02  2.49983213449427E+04 1.64070564849504E+00 
 1.00167202809592E+00 6.09627971964939E+05 2.72369495602025E-13 6.16960463334228E-02  2.49983107478087E+04 1.64070500169731E+00 
 1.00170647602983E+00 6.09628208758898E+05 2.08986636931131E-13 4.73388169290671E-02  2.49983255474311E+04 1.64070590499458E+00 
 1.00174092397681E+00 6.09628089194700E+05 1.60341922693293E-13 3.63201289895900E-02  2.49983180746687E+04 1.64070544889335E+00 
 1.00177537191686E+00 6.09628244102601E+05 1.23029242259674E-13 2.78681226776179E-02  2.49983277564126E+04 1.64070603982010E+00 
 1.00180981986375E+00 6.09628174528469E+05 9.43927008749613E-14 2.13814853126144E-02  2.49983234080293E+04 1.64070577441585E+00 
 1.00184426780647E+00 6.09628026604955E+05 7.24215728894346E-14 1.64046431844696E-02  2.49983141628097E+04 1.64070521013243E+00 
 1.00187871574323E+00 6.09628227966815E+05 5.55684962369887E-14 1.25871559933050E-02  2.49983267479260E+04 1.64070597826697E+00 
 1.00191316369117E+00 6.09628130033251E+05 4.26341941471309E-14 9.65732198250853E-03  2.49983206270782E+04 1.64070560468006E+00 
 1.00194761163325E+00 6.09628249509313E+05 3.27127674344882E-14 7.40998424164717E-03  2.49983280943321E+04 1.64070606044507E+00 
 1.00198205958068E+00 6.09628201565763E+05 2.50985253039679E-14 5.68522872265939E-03  2.49983250978602E+04 1.64070587755494E+00 
 1.00201650752518E+00 6.09628075272705E+05 1.92564946442938E-14 4.36190505766139E-03  2.49983172045440E+04 1.64070539578516E+00 
 1.00205095546452E+00 6.09628241202863E+05 1.47753798885511E-14 3.34686584038960E-03  2.49983275751789E+04 1.64070602875848E+00 
 1.00208540341122E+00 6.09628164899824E+05 1.13362262615945E-14 2.56784011618209E-03  2.49983228062390E+04 1.64070573768548E+00 
 1.00211985135337E+00 6.09628010247448E+05 8.69758544092865E-15 1.97014173007276E-03  2.49983131404655E+04 1.64070514773349E+00 
 1.00215429928923E+00 6.09628222631520E+05 6.67358067707846E-15 1.51167508126025E-03  2.49983264144700E+04 1.64070595791443E+00 
 1.00218874723690E+00 6.09628117969097E+05 5.12021601013427E-15 1.15981148639706E-03  2.49983198730686E+04 1.64070555865897E+00 
